30
0.000000 1.000000 2.000000 1.000000 0.481535 0.254645 1.032432 0.662085 1.143757 1.704006 1.940808 0.997220 0.533791 1.752783 0.604590 0.215105 0.545998 1.071867 0.677779 1.771763 0.266588 0.591509 0.941687 0.115350 1.328078 0.792128 1.665975 0.239610 1.496587 1.051908
1.000000 0.000000 1.000000 2.000000 1.481535 1.254645 0.032432 1.662085 0.143757 1.295994 0.940808 1.997220 0.466209 0.752783 0.395410 0.784895 0.454002 0.071867 1.677779 0.771763 0.733412 0.408491 0.058313 0.884650 1.671922 1.792128 1.334025 0.760390 0.496587 1.948092
2.000000 1.000000 0.000000 1.000000 1.518465 1.745355 0.967568 1.337915 0.856243 0.295994 0.059192 1.002780 1.466209 0.247217 1.395410 1.784895 1.454002 0.928133 1.322221 0.228237 1.733412 1.408491 1.058313 1.884650 0.671922 1.207872 0.334025 1.760390 0.503413 0.948092
1.000000 2.000000 1.000000 0.000000 0.518465 0.745355 1.967568 0.337915 1.856243 0.704006 1.059192 0.002780 1.533791 1.247217 1.604590 1.215105 1.545998 1.928133 0.322221 1.228237 1.266588 1.591509 1.941687 1.115350 0.328078 0.207872 0.665975 1.239610 1.503413 0.051908
0.481535 1.481535 1.518465 0.518465 0.000000 0.226891 1.513967 0.180550 1.625293 1.222471 1.577657 0.515684 1.015327 1.765682 1.086125 0.696641 1.027533 1.553403 0.196243 1.746701 0.748123 1.073045 1.423223 0.596885 0.846542 0.310593 1.184440 0.721146 1.978122 0.570373
0.254645 1.254645 1.745355 0.745355 0.226891 0.000000 1.287076 0.407441 1.398402 1.449362 1.804548 0.742575 0.788436 1.992573 0.859234 0.469750 0.800642 1.326512 0.423134 1.973592 0.521232 0.846154 1.196332 0.369994 1.073433 0.537484 1.411331 0.494255 1.751231 0.797264
1.032432 0.032432 0.967568 1.967568 1.513967 1.287076 0.000000 1.694517 0.111326 1.263562 0.908376 1.970349 0.498640 0.720351 0.427842 0.817326 0.486434 0.039436 1.710210 0.739332 0.765844 0.440922 0.090744 0.917082 1.639491 1.824560 1.301593 0.792821 0.464155 1.915660
0.662085 1.662085 1.337915 0.337915 0.180550 0.407441 1.694517 0.000000 1.805843 1.041921 1.397107 0.335134 1.195877 1.585132 1.266675 0.877190 1.208083 1.733953 0.015693 1.566152 0.928673 1.253595 1.603772 0.777435 0.665992 0.130043 1.003890 0.901696 1.841328 0.389823
1.143757 0.143757 0.856243 1.856243 1.625293 1.398402 0.111326 1.805843 0.000000 1.152237 0.797050 1.859023 0.609966 0.609026 0.539168 0.928652 0.597760 0.071890 1.821536 0.628006 0.877169 0.552248 0.202070 1.028408 1.528165 1.935885 1.190267 0.904147 0.352829 1.804334
1.704006 1.295994 0.295994 0.704006 1.222471 1.449362 1.263562 1.041921 1.152237 0.000000 0.355186 0.706786 1.762202 0.543211 1.691404 1.919111 1.749996 1.224127 1.026227 0.524231 1.970594 1.704484 1.354307 1.819356 0.375928 0.911878 0.038031 1.943616 0.799407 0.652098
1.940808 0.940808 0.059192 1.059192 1.577657 1.804548 0.908376 1.397107 0.797050 0.355186 0.000000 1.061973 1.407016 0.188025 1.336218 1.725702 1.394810 0.868940 1.381414 0.169044 1.674220 1.349298 0.999120 1.825458 0.731115 1.267064 0.393217 1.701197 0.444221 1.007284
0.997220 1.997220 1.002780 0.002780 0.515684 0.742575 1.970349 0.335134 1.859023 0.706786 1.061973 0.000000 1.531011 1.249997 1.601809 1.212325 1.543217 1.930913 0.319441 1.231017 1.263808 1.588729 1.938907 1.112569 0.330858 0.205092 0.668756 1.236830 1.506194 0.054689
0.533791 0.466209 1.466209 1.533791 1.015327 0.788436 0.498640 1.195877 0.609966 1.762202 1.407016 1.531011 0.000000 1.218991 0.070798 0.318686 0.012206 0.538076 1.211570 1.237972 0.267204 0.057718 0.407896 0.418442 1.861869 1.325920 1.800233 0.294181 0.962795 1.585700
1.752783 0.752783 0.247217 1.247217 1.765682 1.992573 0.720351 1.585132 0.609026 0.543211 0.188025 1.249997 1.218991 0.000000 1.148193 1.537678 1.206785 0.680916 1.569439 0.018980 1.486195 1.161273 0.811096 1.637433 0.919139 1.455089 0.581242 1.513173 0.256196 1.195309
0.604590 0.395410 1.395410 1.604590 1.086125 0.859234 0.427842 1.266675 0.539168 1.691404 1.336218 1.601809 0.070798 1.148193 0.000000 0.389484 0.058592 0.467278 1.282368 1.167174 0.338002 0.013080 0.337098 0.489240 1.932667 1.396718 1.729435 0.364979 0.891997 1.656498
0.215105 0.784895 1.784895 1.215105 0.696641 0.469750 0.817326 0.877190 0.928652 1.919111 1.725702 1.212325 0.318686 1.537678 0.389484 0.000000 0.330892 0.856762 0.892884 1.556658 0.051483 0.376404 0.726582 0.099756 1.543183 1.007233 1.881081 0.024505 1.281482 1.267014
0.545998 0.454002 1.454002 1.545998 1.027533 0.800642 0.486434 1.208083 0.597760 1.749996 1.394810 1.543217 0.012206 1.206785 0.058592 0.330892 0.000000 0.525870 1.223776 1.225766 0.279410 0.045512 0.395690 0.430648 1.874075 1.338126 1.788027 0.306387 0.950589 1.597906
1.071867 0.071867 0.928133 1.928133 1.553403 1.326512 0.039436 1.733953 0.071890 1.224127 0.868940 1.930913 0.538076 0.680916 0.467278 0.856762 0.525870 0.000000 1.749646 0.699896 0.805279 0.480358 0.130180 0.956518 1.600055 1.863995 1.262157 0.832257 0.424719 1.876224
0.677779 1.677779 1.322221 0.322221 0.196243 0.423134 1.710210 0.015693 1.821536 1.026227 1.381414 0.319441 1.211570 1.569439 1.282368 0.892884 1.223776 1.749646 0.000000 1.550458 0.944366 1.269288 1.619466 0.793128 0.650299 0.114349 0.988197 0.917389 1.825635 0.374130
1.771763 0.771763 0.228237 1.228237 1.746701 1.973592 0.739332 1.566152 0.628006 0.524231 0.169044 1.231017 1.237972 0.018980 1.167174 1.556658 1.225766 0.699896 1.550458 0.000000 1.505175 1.180254 0.830076 1.656414 0.900159 1.436109 0.562261 1.532153 0.275176 1.176328
0.266588 0.733412 1.733412 1.266588 0.748123 0.521232 0.765844 0.928673 0.877169 1.970594 1.674220 1.263808 0.267204 1.486195 0.338002 0.051483 0.279410 0.805279 0.944366 1.505175 0.000000 0.324922 0.675099 0.151238 1.594666 1.058716 1.932563 0.026978 1.229999 1.318496
0.591509 0.408491 1.408491 1.591509 1.073045 0.846154 0.440922 1.253595 0.552248 1.704484 1.349298 1.588729 0.057718 1.161273 0.013080 0.376404 0.045512 0.480358 1.269288 1.180254 0.324922 0.000000 0.350178 0.476160 1.919587 1.383638 1.742515 0.351899 0.905077 1.643418
0.941687 0.058313 1.058313 1.941687 1.423223 1.196332 0.090744 1.603772 0.202070 1.354307 0.999120 1.938907 0.407896 0.811096 0.337098 0.726582 0.395690 0.130180 1.619466 0.830076 0.675099 0.350178 0.000000 0.826338 1.730235 1.733815 1.392337 0.702077 0.554900 1.993596
0.115350 0.884650 1.884650 1.115350 0.596885 0.369994 0.917082 0.777435 1.028408 1.819356 1.825458 1.112569 0.418442 1.637433 0.489240 0.099756 0.430648 0.956518 0.793128 1.656414 0.151238 0.476160 0.826338 0.000000 1.443427 0.907478 1.781325 0.124261 1.381237 1.167258
1.328078 1.671922 0.671922 0.328078 0.846542 1.073433 1.639491 0.665992 1.528165 0.375928 0.731115 0.330858 1.861869 0.919139 1.932667 1.543183 1.874075 1.600055 0.650299 0.900159 1.594666 1.919587 1.730235 1.443427 0.000000 0.535950 0.337898 1.567688 1.175336 0.276169
0.792128 1.792128 1.207872 0.207872 0.310593 0.537484 1.824560 0.130043 1.935885 0.911878 1.267064 0.205092 1.325920 1.455089 1.396718 1.007233 1.338126 1.863995 0.114349 1.436109 1.058716 1.383638 1.733815 0.907478 0.535950 0.000000 0.873847 1.031738 1.711285 0.259780
1.665975 1.334025 0.334025 0.665975 1.184440 1.411331 1.301593 1.003890 1.190267 0.038031 0.393217 0.668756 1.800233 0.581242 1.729435 1.881081 1.788027 1.262157 0.988197 0.562261 1.932563 1.742515 1.392337 1.781325 0.337898 0.873847 0.000000 1.905586 0.837438 0.614067
0.239610 0.760390 1.760390 1.239610 0.721146 0.494255 0.792821 0.901696 0.904147 1.943616 1.701197 1.236830 0.294181 1.513173 0.364979 0.024505 0.306387 0.832257 0.917389 1.532153 0.026978 0.351899 0.702077 0.124261 1.567688 1.031738 1.905586 0.000000 1.256976 1.291519
1.496587 0.496587 0.503413 1.503413 1.978122 1.751231 0.464155 1.841328 0.352829 0.799407 0.444221 1.506194 0.962795 0.256196 0.891997 1.281482 0.950589 0.424719 1.825635 0.275176 1.229999 0.905077 0.554900 1.381237 1.175336 1.711285 0.837438 1.256976 0.000000 1.451505
1.051908 1.948092 0.948092 0.051908 0.570373 0.797264 1.915660 0.389823 1.804334 0.652098 1.007284 0.054689 1.585700 1.195309 1.656498 1.267014 1.597906 1.876224 0.374130 1.176328 1.318496 1.643418 1.993596 1.167258 0.276169 0.259780 0.614067 1.291519 1.451505 0.000000
