50
0.000000 1.000000 2.000000 1.000000 1.014342 0.877220 1.177742 0.068567 0.745541 0.523441 0.994870 1.324930 1.901592 1.630369 1.913141 0.056390 1.433936 0.912492 1.539891 1.325904 0.362165 0.771803 1.643218 1.945042 0.035988 1.116435 0.725795 1.967298 1.977998 1.516306 0.162564 1.964187 0.510159 1.783685 1.514467 1.766841 1.837773 1.699835 0.248218 0.986294 0.068923 0.568528 0.884309 1.825856 1.044566 1.807167 0.152510 1.392229 1.353233 1.436807
1.000000 0.000000 1.000000 2.000000 0.014342 1.877220 1.822258 0.931433 0.254459 1.523441 1.994870 0.324930 1.098408 0.630369 0.913141 0.943610 1.566064 1.912492 0.539891 1.674096 0.637835 1.771803 1.356782 1.054958 1.035988 1.883565 1.725795 1.032702 1.022002 1.483694 0.837436 0.964187 0.489841 0.783685 1.485533 0.766841 1.162227 0.699835 0.751782 0.013706 0.931077 1.568528 1.884309 1.174144 0.044566 1.192833 0.847490 0.392229 0.353233 0.436807
2.000000 1.000000 0.000000 1.000000 0.985658 1.122780 0.822258 1.931433 1.254459 1.476559 1.005130 0.675070 0.098408 0.369631 0.086859 1.943610 0.566064 1.087508 0.460109 0.674096 1.637835 1.228197 0.356782 0.054958 1.964012 0.883565 1.274205 0.032702 0.022002 0.483694 1.837436 0.035813 1.489841 0.216315 0.485533 0.233159 0.162227 0.300165 1.751782 1.013706 1.931077 1.431472 1.115691 0.174144 0.955434 0.192833 1.847490 0.607771 0.646767 0.563193
1.000000 2.000000 1.000000 0.000000 1.985658 0.122780 0.177742 1.068567 1.745541 0.476559 0.005130 1.675070 0.901592 1.369631 1.086859 1.056390 0.433936 0.087508 1.460109 0.325904 1.362165 0.228197 0.643218 0.945042 0.964012 0.116435 0.274205 0.967298 0.977998 0.516306 1.162564 1.035813 1.510159 1.216315 0.514467 1.233159 0.837773 1.300165 1.248218 1.986294 1.068923 0.431472 0.115691 0.825856 1.955434 0.807167 1.152510 1.607771 1.646767 1.563193
1.014342 0.014342 0.985658 1.985658 0.000000 1.891562 1.807917 0.945775 0.268801 1.537783 1.990789 0.310588 1.084066 0.616027 0.898799 0.957951 1.551723 1.926833 0.525549 1.659755 0.652177 1.786144 1.342440 1.040617 1.050330 1.869223 1.740136 1.018360 1.007660 1.469352 0.851777 0.949846 0.504183 0.769343 1.471191 0.752500 1.147885 0.685494 0.766124 0.028047 0.945419 1.582870 1.898650 1.159802 0.030224 1.178491 0.861832 0.377887 0.338892 0.422465
0.877220 1.877220 1.122780 0.122780 1.891562 0.000000 0.300521 0.945788 1.622761 0.353780 0.117649 1.797850 1.024372 1.492411 1.209639 0.933611 0.556715 0.035271 1.582889 0.448683 1.239385 0.105418 0.765998 1.067821 0.841232 0.239214 0.151426 1.090078 1.100777 0.639086 1.039785 1.158592 1.387380 1.339095 0.637246 1.355938 0.960553 1.422944 1.125439 1.863515 0.946143 0.308693 0.007088 0.948636 1.921787 0.929946 1.029731 1.730550 1.769546 1.685973
1.177742 1.822258 0.822258 0.177742 1.807917 0.300521 0.000000 1.246309 1.923283 0.654301 0.182872 1.497328 0.723850 1.191889 0.909117 1.234132 0.256194 0.265250 1.282368 0.148162 1.539907 0.405939 0.465476 0.767300 1.141754 0.061307 0.451947 0.789557 0.800256 0.338564 1.340306 0.858071 1.687901 1.038573 0.336725 1.055417 0.660031 1.122423 1.425960 1.835964 1.246665 0.609214 0.293433 0.648114 1.777692 0.629425 1.330252 1.430029 1.469025 1.385451
0.068567 0.931433 1.931433 1.068567 0.945775 0.945788 1.246309 0.000000 0.676974 0.592008 1.063437 1.256363 1.970159 1.561802 1.844574 0.012177 1.502503 0.981059 1.471324 1.394471 0.293598 0.840370 1.711785 1.986391 0.104555 1.185002 0.794362 1.964135 1.953435 1.584873 0.093997 1.895620 0.441592 1.715118 1.583034 1.698274 1.906340 1.631268 0.179651 0.917727 0.000356 0.637095 0.952876 1.894423 0.975999 1.875734 0.083943 1.323662 1.284666 1.368240
0.745541 0.254459 1.254459 1.745541 0.268801 1.622761 1.923283 0.676974 0.000000 1.268982 1.740410 0.579389 1.352867 0.884828 1.167600 0.689150 1.820524 1.658032 0.794350 1.928556 0.383376 1.517343 1.611241 1.309418 0.781529 1.861976 1.471335 1.287161 1.276461 1.738153 0.582976 1.218647 0.235382 1.038144 1.739992 1.021301 1.416686 0.954295 0.497323 0.240754 0.676618 1.314069 1.629849 1.428603 0.299025 1.447292 0.593031 0.646688 0.607693 0.691266
0.523441 1.523441 1.476559 0.476559 1.537783 0.353780 0.654301 0.592008 1.268982 0.000000 0.471429 1.848371 1.378151 1.846190 1.563418 0.579831 0.910495 0.389051 1.936668 0.802463 0.885606 0.248362 1.119777 1.421601 0.487453 0.592994 0.202354 1.443858 1.454557 0.992865 0.686005 1.512372 1.033600 1.692874 0.991026 1.709718 1.314332 1.776724 0.771659 1.509735 0.592364 0.045087 0.360868 1.302415 1.568007 1.283726 0.675951 1.915670 1.876674 1.960248
0.994870 1.994870 1.005130 0.005130 1.990789 0.117649 0.182872 1.063437 1.740410 0.471429 0.000000 1.680201 0.906723 1.374762 1.091990 1.051260 0.439066 0.082378 1.465240 0.331034 1.357034 0.223067 0.648348 0.950172 0.958881 0.121565 0.269075 0.972429 0.983128 0.521437 1.157434 1.040943 1.505029 1.221446 0.519597 1.238289 0.842904 1.305295 1.243088 1.981164 1.063793 0.426342 0.110561 0.830987 1.960564 0.812297 1.147380 1.612901 1.651897 1.568324
1.324930 0.324930 0.675070 1.675070 0.310588 1.797850 1.497328 1.256363 0.579389 1.848371 1.680201 0.000000 0.773478 0.305439 0.588211 1.268539 1.241135 1.762579 0.214961 1.349167 0.962765 1.903268 1.031852 0.730029 1.360918 1.558635 1.949276 0.707772 0.697072 1.158764 1.162366 0.639258 0.814771 0.458755 1.160603 0.441912 0.837297 0.374906 1.076712 0.338636 1.256007 1.893458 1.790762 0.849214 0.280364 0.867903 1.172420 0.067299 0.028304 0.111877
1.901592 1.098408 0.098408 0.901592 1.084066 1.024372 0.723850 1.970159 1.352867 1.378151 0.906723 0.773478 0.000000 0.468039 0.185267 1.957982 0.467657 0.989100 0.558517 0.575689 1.736243 1.129790 0.258374 0.043449 1.865604 0.785157 1.175797 0.065706 0.076406 0.385286 1.935844 0.134220 1.588249 0.314723 0.387125 0.331566 0.063819 0.398573 1.850190 1.112114 1.970515 1.333064 1.017283 0.075736 1.053842 0.094425 1.945898 0.706179 0.745175 0.661601
1.630369 0.630369 0.369631 1.369631 0.616027 1.492411 1.191889 1.561802 0.884828 1.846190 1.374762 0.305439 0.468039 0.000000 0.282772 1.573978 0.935696 1.457140 0.090478 1.043728 1.268204 1.597829 0.726413 0.424590 1.666357 1.253196 1.643837 0.402333 0.391633 0.853325 1.467805 0.333819 1.120210 0.153316 0.855164 0.136473 0.531858 0.069467 1.382151 0.644075 1.561446 1.801103 1.485323 0.543775 0.585803 0.562464 1.477859 0.238140 0.277136 0.193562
1.913141 0.913141 0.086859 1.086859 0.898799 1.209639 0.909117 1.844574 1.167600 1.563418 1.091990 0.588211 0.185267 0.282772 0.000000 1.856750 0.652924 1.174368 0.373250 0.760956 1.550976 1.315057 0.443641 0.141818 1.949129 0.970424 1.361065 0.119561 0.108861 0.570553 1.750577 0.051047 1.402982 0.129456 0.572392 0.146299 0.249086 0.213305 1.664923 0.926847 1.844218 1.518331 1.202551 0.261003 0.868575 0.279692 1.760631 0.520912 0.559908 0.476334
0.056390 0.943610 1.943610 1.056390 0.957951 0.933611 1.234132 0.012177 0.689150 0.579831 1.051260 1.268539 1.957982 1.573978 1.856750 0.000000 1.490326 0.968882 1.483500 1.382294 0.305775 0.828193 1.699608 1.998568 0.092379 1.172825 0.782185 1.976311 1.965612 1.572697 0.106174 1.907797 0.453769 1.727294 1.570857 1.710451 1.894164 1.643445 0.191828 0.929904 0.012533 0.624918 0.940699 1.882247 0.988176 1.863557 0.096120 1.335839 1.296843 1.380417
1.433936 1.566064 0.566064 0.433936 1.551723 0.556715 0.256194 1.502503 1.820524 0.910495 0.439066 1.241135 0.467657 0.935696 0.652924 1.490326 0.000000 0.521444 1.026174 0.108032 1.796100 0.662133 0.209282 0.511106 1.397947 0.317501 0.708141 0.533363 0.544062 0.082371 1.596500 0.601877 1.944095 0.782380 0.080531 0.799223 0.403838 0.866229 1.682154 1.579770 1.502858 0.865408 0.549627 0.391921 1.521498 0.373231 1.586446 1.173835 1.212831 1.129258
0.912492 1.912492 1.087508 0.087508 1.926833 0.035271 0.265250 0.981059 1.658032 0.389051 0.082378 1.762579 0.989100 1.457140 1.174368 0.968882 0.521444 0.000000 1.547618 0.413412 1.274657 0.140689 0.730726 1.032550 0.876504 0.203943 0.186697 1.054807 1.065506 0.603815 1.075056 1.123321 1.422651 1.303824 0.601975 1.320667 0.925282 1.387673 1.160710 1.898786 0.981415 0.343964 0.028183 0.913365 1.957058 0.894675 1.065002 1.695279 1.734275 1.650701
1.539891 0.539891 0.460109 1.460109 0.525549 1.582889 1.282368 1.471324 0.794350 1.936668 1.465240 0.214961 0.558517 0.090478 0.373250 1.483500 1.026174 1.547618 0.000000 1.134206 1.177726 1.688307 0.816891 0.515068 1.575879 1.343674 1.734315 0.492811 0.482111 0.943803 1.377326 0.424297 1.029732 0.243794 0.945642 0.226951 0.622336 0.159945 1.291673 0.553596 1.470968 1.891581 1.575801 0.634253 0.495325 0.652942 1.387381 0.147662 0.186657 0.103084
1.325904 1.674096 0.674096 0.325904 1.659755 0.448683 0.148162 1.394471 1.928556 0.802463 0.331034 1.349167 0.575689 1.043728 0.760956 1.382294 0.108032 0.413412 1.134206 0.000000 1.688068 0.554101 0.317314 0.619138 1.289915 0.209469 0.600109 0.641395 0.652094 0.190403 1.488468 0.709909 1.836063 0.890412 0.188563 0.907255 0.511870 0.974261 1.574122 1.687802 1.394827 0.757376 0.441595 0.499953 1.629530 0.481263 1.478414 1.281867 1.320863 1.237289
0.362165 0.637835 1.637835 1.362165 0.652177 1.239385 1.539907 0.293598 0.383376 0.885606 1.357034 0.962765 1.736243 1.268204 1.550976 0.305775 1.796100 1.274657 1.177726 1.688068 0.000000 1.133967 1.994617 1.692794 0.398153 1.478600 1.087960 1.670537 1.659837 1.878471 0.199601 1.602023 0.147994 1.421520 1.876632 1.404677 1.800062 1.337670 0.113947 0.624129 0.293242 0.930693 1.246474 1.811979 0.682401 1.830668 0.209655 1.030064 0.991068 1.074642
0.771803 1.771803 1.228197 0.228197 1.786144 0.105418 0.405939 0.840370 1.517343 0.248362 0.223067 1.903268 1.129790 1.597829 1.315057 0.828193 0.662133 0.140689 1.688307 0.554101 1.133967 0.000000 0.871415 1.173239 0.735814 0.344632 0.046008 1.195496 1.206195 0.744504 0.934367 1.264010 1.281962 1.444513 0.742664 1.461356 1.065971 1.528362 1.020021 1.758097 0.840725 0.203275 0.112506 1.054054 1.816369 1.035364 0.924313 1.835968 1.874964 1.791391
1.643218 1.356782 0.356782 0.643218 1.342440 0.765998 0.465476 1.711785 1.611241 1.119777 0.648348 1.031852 0.258374 0.726413 0.443641 1.699608 0.209282 0.730726 0.816891 0.317314 1.994617 0.871415 0.000000 0.301823 1.607230 0.526783 0.917423 0.324080 0.334780 0.126912 1.805782 0.392595 1.846623 0.573097 0.128751 0.589941 0.194555 0.656947 1.891436 1.370488 1.712141 1.074690 0.758909 0.182638 1.312216 0.163949 1.795728 0.964553 1.003549 0.919975
1.945042 1.054958 0.054958 0.945042 1.040617 1.067821 0.767300 1.986391 1.309418 1.421601 0.950172 0.730029 0.043449 0.424590 0.141818 1.998568 0.511106 1.032550 0.515068 0.619138 1.692794 1.173239 0.301823 0.000000 1.909053 0.828607 1.219247 0.022257 0.032956 0.428735 1.892394 0.090771 1.544799 0.271274 0.430575 0.288117 0.107268 0.355123 1.806740 1.068664 1.986036 1.376514 1.060733 0.119185 1.010392 0.137875 1.902448 0.662729 0.701725 0.618152
0.035988 1.035988 1.964012 0.964012 1.050330 0.841232 1.141754 0.104555 0.781529 0.487453 0.958881 1.360918 1.865604 1.666357 1.949129 0.092379 1.397947 0.876504 1.575879 1.289915 0.398153 0.735814 1.607230 1.909053 0.000000 1.080447 0.689806 1.931310 1.942010 1.480318 0.198552 1.999824 0.546147 1.819673 1.478479 1.802830 1.801785 1.735824 0.284206 1.022282 0.104911 0.532540 0.848320 1.789868 1.080554 1.771179 0.188498 1.428217 1.389221 1.472795
1.116435 1.883565 0.883565 0.116435 1.869223 0.239214 0.061307 1.185002 1.861976 0.592994 0.121565 1.558635 0.785157 1.253196 0.970424 1.172825 0.317501 0.203943 1.343674 0.209469 1.478600 0.344632 0.526783 0.828607 1.080447 0.000000 0.390640 0.850864 0.861563 0.399871 1.278999 0.919378 1.626594 1.099880 0.398032 1.116724 0.721338 1.183730 1.364653 1.897271 1.185358 0.547907 0.232126 0.709421 1.838999 0.690732 1.268945 1.491336 1.530332 1.446758
0.725795 1.725795 1.274205 0.274205 1.740136 0.151426 0.451947 0.794362 1.471335 0.202354 0.269075 1.949276 1.175797 1.643837 1.361065 0.782185 0.708141 0.186697 1.734315 0.600109 1.087960 0.046008 0.917423 1.219247 0.689806 0.390640 0.000000 1.241504 1.252203 0.790512 0.888359 1.310018 1.235954 1.490521 0.788672 1.507364 1.111979 1.574370 0.974013 1.712089 0.794718 0.157267 0.158514 1.100062 1.770361 1.081372 0.878305 1.881976 1.920972 1.837398
1.967298 1.032702 0.032702 0.967298 1.018360 1.090078 0.789557 1.964135 1.287161 1.443858 0.972429 0.707772 0.065706 0.402333 0.119561 1.976311 0.533363 1.054807 0.492811 0.641395 1.670537 1.195496 0.324080 0.022257 1.931310 0.850864 1.241504 0.000000 0.010699 0.450992 1.870137 0.068514 1.522542 0.249017 0.452832 0.265860 0.129525 0.332866 1.784484 1.046407 1.963779 1.398770 1.082990 0.141442 0.988136 0.160131 1.880191 0.640472 0.679468 0.595895
1.977998 1.022002 0.022002 0.977998 1.007660 1.100777 0.800256 1.953435 1.276461 1.454557 0.983128 0.697072 0.076406 0.391633 0.108861 1.965612 0.544062 1.065506 0.482111 0.652094 1.659837 1.206195 0.334780 0.032956 1.942010 0.861563 1.252203 0.010699 0.000000 0.461692 1.859438 0.057815 1.511843 0.238317 0.463531 0.255161 0.140225 0.322167 1.773784 1.035708 1.953079 1.409470 1.093689 0.152142 0.977436 0.170831 1.869492 0.629773 0.668769 0.585195
1.516306 1.483694 0.483694 0.516306 1.469352 0.639086 0.338564 1.584873 1.738153 0.992865 0.521437 1.158764 0.385286 0.853325 0.570553 1.572697 0.082371 0.603815 0.943803 0.190403 1.878471 0.744504 0.126912 0.428735 1.480318 0.399871 0.790512 0.450992 0.461692 0.000000 1.678871 0.519506 1.973535 0.700009 0.001839 0.716852 0.321467 0.783858 1.764524 1.497399 1.585229 0.947778 0.631998 0.309550 1.439128 0.290861 1.668816 1.091465 1.130460 1.046887
0.162564 0.837436 1.837436 1.162564 0.851777 1.039785 1.340306 0.093997 0.582976 0.686005 1.157434 1.162366 1.935844 1.467805 1.750577 0.106174 1.596500 1.075056 1.377326 1.488468 0.199601 0.934367 1.805782 1.892394 0.198552 1.278999 0.888359 1.870137 1.859438 1.678871 0.000000 1.801623 0.347595 1.621121 1.677031 1.604277 1.999663 1.537271 0.085654 0.823730 0.093641 0.731092 1.046873 1.988420 0.882002 1.969731 0.010054 1.229665 1.190669 1.274243
1.964187 0.964187 0.035813 1.035813 0.949846 1.158592 0.858071 1.895620 1.218647 1.512372 1.040943 0.639258 0.134220 0.333819 0.051047 1.907797 0.601877 1.123321 0.424297 0.709909 1.602023 1.264010 0.392595 0.090771 1.999824 0.919378 1.310018 0.068514 0.057815 0.519506 1.801623 0.000000 1.454028 0.180503 0.521346 0.197346 0.198039 0.264352 1.715969 0.977893 1.895265 1.467285 1.151504 0.209956 0.919621 0.228646 1.811677 0.571958 0.610954 0.527381
0.510159 0.489841 1.489841 1.510159 0.504183 1.387380 1.687901 0.441592 0.235382 1.033600 1.505029 0.814771 1.588249 1.120210 1.402982 0.453769 1.944095 1.422651 1.029732 1.836063 0.147994 1.281962 1.846623 1.544799 0.546147 1.626594 1.235954 1.522542 1.511843 1.973535 0.347595 1.454028 0.000000 1.273526 1.975374 1.256682 1.652068 1.189676 0.261941 0.476135 0.441236 1.078687 1.394468 1.663985 0.534407 1.682674 0.357649 0.882070 0.843074 0.926648
1.783685 0.783685 0.216315 1.216315 0.769343 1.339095 1.038573 1.715118 1.038144 1.692874 1.221446 0.458755 0.314723 0.153316 0.129456 1.727294 0.782380 1.303824 0.243794 0.890412 1.421520 1.444513 0.573097 0.271274 1.819673 1.099880 1.490521 0.249017 0.238317 0.700009 1.621121 0.180503 1.273526 0.000000 0.701848 0.016843 0.378542 0.083849 1.535467 0.797391 1.714762 1.647787 1.332007 0.390459 0.739119 0.409148 1.631175 0.391456 0.430452 0.346878
1.514467 1.485533 0.485533 0.514467 1.471191 0.637246 0.336725 1.583034 1.739992 0.991026 0.519597 1.160603 0.387125 0.855164 0.572392 1.570857 0.080531 0.601975 0.945642 0.188563 1.876632 0.742664 0.128751 0.430575 1.478479 0.398032 0.788672 0.452832 0.463531 0.001839 1.677031 0.521346 1.975374 0.701848 0.000000 0.718692 0.323306 0.785698 1.762685 1.499239 1.583390 0.945939 0.630158 0.311389 1.440967 0.292700 1.666977 1.093304 1.132300 1.048726
1.766841 0.766841 0.233159 1.233159 0.752500 1.355938 1.055417 1.698274 1.021301 1.709718 1.238289 0.441912 0.331566 0.136473 0.146299 1.710451 0.799223 1.320667 0.226951 0.907255 1.404677 1.461356 0.589941 0.288117 1.802830 1.116724 1.507364 0.265860 0.255161 0.716852 1.604277 0.197346 1.256682 0.016843 0.718692 0.000000 0.395385 0.067006 1.518623 0.780547 1.697918 1.664631 1.348850 0.407302 0.722275 0.425992 1.614331 0.374612 0.413608 0.330035
1.837773 1.162227 0.162227 0.837773 1.147885 0.960553 0.660031 1.906340 1.416686 1.314332 0.842904 0.837297 0.063819 0.531858 0.249086 1.894164 0.403838 0.925282 0.622336 0.511870 1.800062 1.065971 0.194555 0.107268 1.801785 0.721338 1.111979 0.129525 0.140225 0.321467 1.999663 0.198039 1.652068 0.378542 0.323306 0.395385 0.000000 0.462391 1.914009 1.175933 1.906696 1.269245 0.953465 0.011917 1.117661 0.030606 1.990283 0.769998 0.808993 0.725420
1.699835 0.699835 0.300165 1.300165 0.685494 1.422944 1.122423 1.631268 0.954295 1.776724 1.305295 0.374906 0.398573 0.069467 0.213305 1.643445 0.866229 1.387673 0.159945 0.974261 1.337670 1.528362 0.656947 0.355123 1.735824 1.183730 1.574370 0.332866 0.322167 0.783858 1.537271 0.264352 1.189676 0.083849 0.785698 0.067006 0.462391 0.000000 1.451617 0.713541 1.630912 1.731637 1.415856 0.474308 0.655269 0.492998 1.547325 0.307606 0.346602 0.263028
0.248218 0.751782 1.751782 1.248218 0.766124 1.125439 1.425960 0.179651 0.497323 0.771659 1.243088 1.076712 1.850190 1.382151 1.664923 0.191828 1.682154 1.160710 1.291673 1.574122 0.113947 1.020021 1.891436 1.806740 0.284206 1.364653 0.974013 1.784484 1.773784 1.764524 0.085654 1.715969 0.261941 1.535467 1.762685 1.518623 1.914009 1.451617 0.000000 0.738076 0.179295 0.816746 1.132527 1.925926 0.796348 1.944615 0.095708 1.144011 1.105015 1.188589
0.986294 0.013706 1.013706 1.986294 0.028047 1.863515 1.835964 0.917727 0.240754 1.509735 1.981164 0.338636 1.112114 0.644075 0.926847 0.929904 1.579770 1.898786 0.553596 1.687802 0.624129 1.758097 1.370488 1.068664 1.022282 1.897271 1.712089 1.046407 1.035708 1.497399 0.823730 0.977893 0.476135 0.797391 1.499239 0.780547 1.175933 0.713541 0.738076 0.000000 0.917371 1.554822 1.870603 1.187850 0.058272 1.206539 0.833784 0.405935 0.366939 0.450513
0.068923 0.931077 1.931077 1.068923 0.945419 0.946143 1.246665 0.000356 0.676618 0.592364 1.063793 1.256007 1.970515 1.561446 1.844218 0.012533 1.502858 0.981415 1.470968 1.394827 0.293242 0.840725 1.712141 1.986036 0.104911 1.185358 0.794718 1.963779 1.953079 1.585229 0.093641 1.895265 0.441236 1.714762 1.583390 1.697918 1.906696 1.630912 0.179295 0.917371 0.000000 0.637451 0.953232 1.894779 0.975643 1.876090 0.083587 1.323306 1.284310 1.367884
0.568528 1.568528 1.431472 0.431472 1.582870 0.308693 0.609214 0.637095 1.314069 0.045087 0.426342 1.893458 1.333064 1.801103 1.518331 0.624918 0.865408 0.343964 1.891581 0.757376 0.930693 0.203275 1.074690 1.376514 0.532540 0.547907 0.157267 1.398770 1.409470 0.947778 0.731092 1.467285 1.078687 1.647787 0.945939 1.664631 1.269245 1.731637 0.816746 1.554822 0.637451 0.000000 0.315781 1.257328 1.613094 1.238639 0.721038 1.960757 1.921761 1.994665
0.884309 1.884309 1.115691 0.115691 1.898650 0.007088 0.293433 0.952876 1.629849 0.360868 0.110561 1.790762 1.017283 1.485323 1.202551 0.940699 0.549627 0.028183 1.575801 0.441595 1.246474 0.112506 0.758909 1.060733 0.848320 0.232126 0.158514 1.082990 1.093689 0.631998 1.046873 1.151504 1.394468 1.332007 0.630158 1.348850 0.953465 1.415856 1.132527 1.870603 0.953232 0.315781 0.000000 0.941548 1.928875 0.922858 1.036819 1.723462 1.762458 1.678884
1.825856 1.174144 0.174144 0.825856 1.159802 0.948636 0.648114 1.894423 1.428603 1.302415 0.830987 0.849214 0.075736 0.543775 0.261003 1.882247 0.391921 0.913365 0.634253 0.499953 1.811979 1.054054 0.182638 0.119185 1.789868 0.709421 1.100062 0.141442 0.152142 0.309550 1.988420 0.209956 1.663985 0.390459 0.311389 0.407302 0.011917 0.474308 1.925926 1.187850 1.894779 1.257328 0.941548 0.000000 1.129578 0.018689 1.978366 0.781915 0.820911 0.737337
1.044566 0.044566 0.955434 1.955434 0.030224 1.921787 1.777692 0.975999 0.299025 1.568007 1.960564 0.280364 1.053842 0.585803 0.868575 0.988176 1.521498 1.957058 0.495325 1.629530 0.682401 1.816369 1.312216 1.010392 1.080554 1.838999 1.770361 0.988136 0.977436 1.439128 0.882002 0.919621 0.534407 0.739119 1.440967 0.722275 1.117661 0.655269 0.796348 0.058272 0.975643 1.613094 1.928875 1.129578 0.000000 1.148267 0.892056 0.347663 0.308667 0.392241
1.807167 1.192833 0.192833 0.807167 1.178491 0.929946 0.629425 1.875734 1.447292 1.283726 0.812297 0.867903 0.094425 0.562464 0.279692 1.863557 0.373231 0.894675 0.652942 0.481263 1.830668 1.035364 0.163949 0.137875 1.771179 0.690732 1.081372 0.160131 0.170831 0.290861 1.969731 0.228646 1.682674 0.409148 0.292700 0.425992 0.030606 0.492998 1.944615 1.206539 1.876090 1.238639 0.922858 0.018689 1.148267 0.000000 1.959677 0.800604 0.839600 0.756026
0.152510 0.847490 1.847490 1.152510 0.861832 1.029731 1.330252 0.083943 0.593031 0.675951 1.147380 1.172420 1.945898 1.477859 1.760631 0.096120 1.586446 1.065002 1.387381 1.478414 0.209655 0.924313 1.795728 1.902448 0.188498 1.268945 0.878305 1.880191 1.869492 1.668816 0.010054 1.811677 0.357649 1.631175 1.666977 1.614331 1.990283 1.547325 0.095708 0.833784 0.083587 0.721038 1.036819 1.978366 0.892056 1.959677 0.000000 1.239719 1.200723 1.284297
1.392229 0.392229 0.607771 1.607771 0.377887 1.730550 1.430029 1.323662 0.646688 1.915670 1.612901 0.067299 0.706179 0.238140 0.520912 1.335839 1.173835 1.695279 0.147662 1.281867 1.030064 1.835968 0.964553 0.662729 1.428217 1.491336 1.881976 0.640472 0.629773 1.091465 1.229665 0.571958 0.882070 0.391456 1.093304 0.374612 0.769998 0.307606 1.144011 0.405935 1.323306 1.960757 1.723462 0.781915 0.347663 0.800604 1.239719 0.000000 0.038996 0.044578
1.353233 0.353233 0.646767 1.646767 0.338892 1.769546 1.469025 1.284666 0.607693 1.876674 1.651897 0.028304 0.745175 0.277136 0.559908 1.296843 1.212831 1.734275 0.186657 1.320863 0.991068 1.874964 1.003549 0.701725 1.389221 1.530332 1.920972 0.679468 0.668769 1.130460 1.190669 0.610954 0.843074 0.430452 1.132300 0.413608 0.808993 0.346602 1.105015 0.366939 1.284310 1.921761 1.762458 0.820911 0.308667 0.839600 1.200723 0.038996 0.000000 0.083574
1.436807 0.436807 0.563193 1.563193 0.422465 1.685973 1.385451 1.368240 0.691266 1.960248 1.568324 0.111877 0.661601 0.193562 0.476334 1.380417 1.129258 1.650701 0.103084 1.237289 1.074642 1.791391 0.919975 0.618152 1.472795 1.446758 1.837398 0.595895 0.585195 1.046887 1.274243 0.527381 0.926648 0.346878 1.048726 0.330035 0.725420 0.263028 1.188589 0.450513 1.367884 1.994665 1.678884 0.737337 0.392241 0.756026 1.284297 0.044578 0.083574 0.000000
