35
0.000000 1.000000 2.000000 1.000000 1.568853 0.653478 0.949934 1.862351 1.826112 0.800993 0.166718 1.679892 1.712141 0.688809 0.056360 1.255181 0.122827 1.168066 1.314336 0.743986 0.959628 1.880590 1.037333 0.853834 0.429423 0.170106 1.919430 0.123675 0.257655 1.573805 1.588348 0.272010 1.943607 0.075035 0.401630
1.000000 0.000000 1.000000 2.000000 0.568853 1.653478 0.050066 1.137649 0.826112 1.800993 0.833282 1.320108 1.287859 0.311191 1.056360 1.744819 1.122827 0.168066 0.314336 0.256014 1.959628 0.880590 1.962667 0.146166 1.429423 0.829894 0.919430 1.123675 1.257655 1.426195 1.411652 0.727990 1.056393 1.075035 0.598370
2.000000 1.000000 0.000000 1.000000 0.431147 1.346522 1.050066 0.137649 0.173888 1.199007 1.833282 0.320108 0.287859 1.311191 1.943640 0.744819 1.877173 0.831934 0.685664 1.256014 1.040372 0.119410 0.962667 1.146166 1.570577 1.829894 0.080570 1.876325 1.742345 0.426195 0.411652 1.727990 0.056393 1.924965 1.598370
1.000000 2.000000 1.000000 0.000000 1.431147 0.346522 1.949934 0.862351 1.173888 0.199007 1.166718 0.679892 0.712141 1.688809 0.943640 0.255181 0.877173 1.831934 1.685664 1.743986 0.040372 1.119410 0.037333 1.853834 0.570577 1.170106 1.080570 0.876325 0.742345 0.573805 0.588348 1.272010 0.943607 0.924965 1.401630
1.568853 0.568853 0.431147 1.431147 0.000000 1.777669 0.618920 0.568796 0.257258 1.630153 1.402135 0.751255 0.719005 0.880044 1.625213 1.175966 1.691681 0.400787 0.254517 0.824867 1.471518 0.311737 1.393814 0.715020 1.998277 1.398748 0.350576 1.692528 1.826508 0.857342 0.842799 1.296843 0.487540 1.643888 1.167223
0.653478 1.653478 1.346522 0.346522 1.777669 0.000000 1.603412 1.208873 1.520410 0.147515 0.820196 1.026414 1.058663 1.342287 0.597118 0.601703 0.530651 1.821544 1.967815 1.397464 0.306150 1.465932 0.383855 1.507312 0.224055 0.823584 1.427092 0.529804 0.395823 0.920327 0.934870 0.925488 1.290129 0.578443 1.055108
0.949934 0.050066 1.050066 1.949934 0.618920 1.603412 0.000000 1.187716 0.876178 1.750927 0.783215 1.370174 1.337925 0.261125 1.006293 1.794886 1.072761 0.218132 0.364403 0.205948 1.909562 0.930657 1.987267 0.096100 1.379357 0.779828 0.969496 1.073608 1.207588 1.476262 1.461719 0.677923 1.106460 1.024968 0.548303
1.862351 1.137649 0.137649 0.862351 0.568796 1.208873 1.187716 0.000000 0.311538 1.061357 1.970931 0.182459 0.150209 1.448840 1.805991 0.607170 1.739523 0.969583 0.823313 1.393663 0.902723 0.257059 0.825018 1.283816 1.432927 1.967543 0.218220 1.738676 1.604696 0.288546 0.274003 1.865639 0.081256 1.787316 1.736019
1.826112 0.826112 0.173888 1.173888 0.257258 1.520410 0.876178 0.311538 0.000000 1.372895 1.659393 0.493996 0.461747 1.137303 1.882471 0.918708 1.948939 0.658046 0.511775 1.082126 1.214260 0.054479 1.136555 0.972278 1.744465 1.656006 0.093318 1.949786 1.916234 0.600084 0.585541 1.554101 0.230282 1.901146 1.424481
0.800993 1.800993 1.199007 0.199007 1.630153 0.147515 1.750927 1.061357 1.372895 0.000000 0.967712 0.878899 0.911148 1.489802 0.744634 0.454187 0.678166 1.969059 1.884670 1.544979 0.158635 1.318416 0.236340 1.654827 0.371570 0.971099 1.279577 0.677319 0.543339 0.772811 0.787354 1.073004 1.142613 0.725959 1.202624
0.166718 0.833282 1.833282 1.166718 1.402135 0.820196 0.783215 1.970931 1.659393 0.967712 0.000000 1.846610 1.878860 0.522091 0.223078 1.421899 0.289545 1.001348 1.147618 0.577268 1.126346 1.713872 1.204051 0.687115 0.596142 0.003388 1.752711 0.290393 0.424373 1.740523 1.755066 0.105292 1.889675 0.241753 0.234912
1.679892 1.320108 0.320108 0.679892 0.751255 1.026414 1.370174 0.182459 0.493996 0.878899 1.846610 0.000000 0.032249 1.631299 1.623532 0.424711 1.557065 1.152042 1.005772 1.576122 0.720264 0.439518 0.642559 1.466274 1.250469 1.849998 0.400678 1.556218 1.422237 0.106087 0.091544 1.951902 0.263715 1.604857 1.918478
1.712141 1.287859 0.287859 0.712141 0.719005 1.058663 1.337925 0.150209 0.461747 0.911148 1.878860 0.032249 0.000000 1.599050 1.655782 0.456961 1.589314 1.119793 0.973522 1.543873 0.752513 0.407268 0.674808 1.434025 1.282718 1.882247 0.368429 1.588467 1.454487 0.138337 0.123794 1.984152 0.231465 1.637107 1.886228
0.688809 0.311191 1.311191 1.688809 0.880044 1.342287 0.261125 1.448840 1.137303 1.489802 0.522091 1.631299 1.599050 0.000000 0.745169 1.943990 0.811636 0.479257 0.625528 0.055177 1.648437 1.191781 1.726142 0.165025 1.118232 0.518703 1.230621 0.812483 0.946464 1.737386 1.722843 0.416799 1.367584 0.763844 0.287179
0.056360 1.056360 1.943640 0.943640 1.625213 0.597118 1.006293 1.805991 1.882471 0.744634 0.223078 1.623532 1.655782 0.745169 0.000000 1.198821 0.066468 1.224426 1.370696 0.800346 0.903268 1.936950 0.980973 0.910193 0.373064 0.226466 1.975789 0.067315 0.201295 1.517445 1.531988 0.328370 1.887247 0.018675 0.457990
1.255181 1.744819 0.744819 0.255181 1.175966 0.601703 1.794886 0.607170 0.918708 0.454187 1.421899 0.424711 0.456961 1.943990 1.198821 0.000000 1.132353 1.576753 1.430483 1.999167 0.295552 0.864229 0.217848 1.890986 0.825757 1.425286 0.825390 1.131506 0.997526 0.318624 0.333167 1.527191 0.688426 1.180146 1.656811
0.122827 1.122827 1.877173 0.877173 1.691681 0.530651 1.072761 1.739523 1.948939 0.678166 0.289545 1.557065 1.589314 0.811636 0.066468 1.132353 0.000000 1.290893 1.437164 0.866813 0.836801 1.996583 0.914506 0.976661 0.306596 0.292933 1.957743 0.000847 0.134827 1.450977 1.465521 0.394838 1.820780 0.047793 0.524458
1.168066 0.168066 0.831934 1.831934 0.400787 1.821544 0.218132 0.969583 0.658046 1.969059 1.001348 1.152042 1.119793 0.479257 1.224426 1.576753 1.290893 0.000000 0.146270 0.424080 1.872306 0.712524 1.794601 0.314232 1.597489 0.997960 0.751364 1.291741 1.425721 1.258129 1.243586 0.896056 0.888327 1.243101 0.766436
1.314336 0.314336 0.685664 1.685664 0.254517 1.967815 0.364403 0.823313 0.511775 1.884670 1.147618 1.005772 0.973522 0.625528 1.370696 1.430483 1.437164 0.146270 0.000000 0.570351 1.726035 0.566254 1.648331 0.460503 1.743760 1.144231 0.605093 1.438011 1.571991 1.111859 1.097316 1.042326 0.742057 1.389371 0.912706
0.743986 0.256014 1.256014 1.743986 0.824867 1.397464 0.205948 1.393663 1.082126 1.544979 0.577268 1.576122 1.543873 0.055177 0.800346 1.999167 0.866813 0.424080 0.570351 0.000000 1.703614 1.136604 1.781319 0.109848 1.173409 0.573880 1.175444 0.867660 1.001641 1.682209 1.667666 0.471976 1.312407 0.819021 0.342356
0.959628 1.959628 1.040372 0.040372 1.471518 0.306150 1.909562 0.902723 1.214260 0.158635 1.126346 0.720264 0.752513 1.648437 0.903268 0.295552 0.836801 1.872306 1.726035 1.703614 0.000000 1.159782 0.077705 1.813462 0.530205 1.129734 1.120942 0.835954 0.701973 0.614176 0.628720 1.231638 0.983979 0.884593 1.361258
1.880590 0.880590 0.119410 1.119410 0.311737 1.465932 0.930657 0.257059 0.054479 1.318416 1.713872 0.439518 0.407268 1.191781 1.936950 0.864229 1.996583 0.712524 0.566254 1.136604 1.159782 0.000000 1.082077 1.026757 1.689987 1.710484 0.038839 1.995735 1.861755 0.545605 0.531062 1.608580 0.175803 1.955625 1.478960
1.037333 1.962667 0.962667 0.037333 1.393814 0.383855 1.987267 0.825018 1.136555 0.236340 1.204051 0.642559 0.674808 1.726142 0.980973 0.217848 0.914506 1.794601 1.648331 1.781319 0.077705 1.082077 0.000000 1.891167 0.607910 1.207439 1.043237 0.913659 0.779678 0.536472 0.551015 1.309343 0.906274 0.962298 1.438963
0.853834 0.146166 1.146166 1.853834 0.715020 1.507312 0.096100 1.283816 0.972278 1.654827 0.687115 1.466274 1.434025 0.165025 0.910193 1.890986 0.976661 0.314232 0.460503 0.109848 1.813462 1.026757 1.891167 0.000000 1.283257 0.683728 1.065596 0.977508 1.111488 1.572362 1.557819 0.581823 1.202560 0.928868 0.452203
0.429423 1.429423 1.570577 0.570577 1.998277 0.224055 1.379357 1.432927 1.744465 0.371570 0.596142 1.250469 1.282718 1.118232 0.373064 0.825757 0.306596 1.597489 1.743760 1.173409 0.530205 1.689987 0.607910 1.283257 0.000000 0.599529 1.651147 0.305749 0.171769 1.144381 1.158925 0.701434 1.514183 0.354389 0.831054
0.170106 0.829894 1.829894 1.170106 1.398748 0.823584 0.779828 1.967543 1.656006 0.971099 0.003388 1.849998 1.882247 0.518703 0.226466 1.425286 0.292933 0.997960 1.144231 0.573880 1.129734 1.710484 1.207439 0.683728 0.599529 0.000000 1.749324 0.293780 0.427761 1.743910 1.758454 0.101904 1.886287 0.245141 0.231524
1.919430 0.919430 0.080570 1.080570 0.350576 1.427092 0.969496 0.218220 0.093318 1.279577 1.752711 0.400678 0.368429 1.230621 1.975789 0.825390 1.957743 0.751364 0.605093 1.175444 1.120942 0.038839 1.043237 1.065596 1.651147 1.749324 0.000000 1.956896 1.822916 0.506766 0.492223 1.647419 0.136964 1.994464 1.517799
0.123675 1.123675 1.876325 0.876325 1.692528 0.529804 1.073608 1.738676 1.949786 0.677319 0.290393 1.556218 1.588467 0.812483 0.067315 1.131506 0.000847 1.291741 1.438011 0.867660 0.835954 1.995735 0.913659 0.977508 0.305749 0.293780 1.956896 0.000000 0.133980 1.450130 1.464673 0.395685 1.819932 0.048640 0.525305
0.257655 1.257655 1.742345 0.742345 1.826508 0.395823 1.207588 1.604696 1.916234 0.543339 0.424373 1.422237 1.454487 0.946464 0.201295 0.997526 0.134827 1.425721 1.571991 1.001641 0.701973 1.861755 0.779678 1.111488 0.171769 0.427761 1.822916 0.133980 0.000000 1.316150 1.330693 0.529665 1.685952 0.182620 0.659285
1.573805 1.426195 0.426195 0.573805 0.857342 0.920327 1.476262 0.288546 0.600084 0.772811 1.740523 0.106087 0.138337 1.737386 1.517445 0.318624 1.450977 1.258129 1.111859 1.682209 0.614176 0.545605 0.536472 1.572362 1.144381 1.743910 0.506766 1.450130 1.316150 0.000000 0.014543 1.845815 0.369802 1.498770 1.975435
1.588348 1.411652 0.411652 0.588348 0.842799 0.934870 1.461719 0.274003 0.585541 0.787354 1.755066 0.091544 0.123794 1.722843 1.531988 0.333167 1.465521 1.243586 1.097316 1.667666 0.628720 0.531062 0.551015 1.557819 1.158925 1.758454 0.492223 1.464673 1.330693 0.014543 0.000000 1.860358 0.355259 1.513313 1.989978
0.272010 0.727990 1.727990 1.272010 1.296843 0.925488 0.677923 1.865639 1.554101 1.073004 0.105292 1.951902 1.984152 0.416799 0.328370 1.527191 0.394838 0.896056 1.042326 0.471976 1.231638 1.608580 1.309343 0.581823 0.701434 0.101904 1.647419 0.395685 0.529665 1.845815 1.860358 0.000000 1.784383 0.347045 0.129620
1.943607 1.056393 0.056393 0.943607 0.487540 1.290129 1.106460 0.081256 0.230282 1.142613 1.889675 0.263715 0.231465 1.367584 1.887247 0.688426 1.820780 0.888327 0.742057 1.312407 0.983979 0.175803 0.906274 1.202560 1.514183 1.886287 0.136964 1.819932 1.685952 0.369802 0.355259 1.784383 0.000000 1.868572 1.654763
0.075035 1.075035 1.924965 0.924965 1.643888 0.578443 1.024968 1.787316 1.901146 0.725959 0.241753 1.604857 1.637107 0.763844 0.018675 1.180146 0.047793 1.243101 1.389371 0.819021 0.884593 1.955625 0.962298 0.928868 0.354389 0.245141 1.994464 0.048640 0.182620 1.498770 1.513313 0.347045 1.868572 0.000000 0.476665
0.401630 0.598370 1.598370 1.401630 1.167223 1.055108 0.548303 1.736019 1.424481 1.202624 0.234912 1.918478 1.886228 0.287179 0.457990 1.656811 0.524458 0.766436 0.912706 0.342356 1.361258 1.478960 1.438963 0.452203 0.831054 0.231524 1.517799 0.525305 0.659285 1.975435 1.989978 0.129620 1.654763 0.476665 0.000000
