50
0.000000 1.000000 2.000000 1.000000 0.224543 0.774485 0.953067 1.778423 1.379948 1.595777 1.051743 1.247142 0.759177 0.612754 0.157754 0.071685 0.194342 0.601599 1.532767 1.649629 0.676667 0.821863 0.651456 0.796076 0.820793 1.171994 0.439801 0.698092 1.966503 1.870988 0.189773 0.518836 0.804301 0.999507 0.796315 1.206780 0.951101 1.521891 0.748705 0.120378 0.013719 0.167181 0.257381 1.644690 1.213217 0.011235 0.156556 0.512183 0.678182 0.004743
1.000000 0.000000 1.000000 2.000000 1.224543 0.225515 1.953067 1.221577 0.379948 1.404223 1.948257 0.247142 0.240823 0.387246 1.157754 1.071685 0.805658 1.601599 0.532767 0.649629 1.676667 1.821863 1.651456 1.796076 1.820793 0.171994 0.560199 0.301908 0.966503 1.129012 1.189773 1.518836 1.804301 0.000493 1.796315 0.206780 0.048899 1.478109 1.748705 1.120378 0.986281 1.167181 1.257381 1.355310 1.786783 1.011235 0.843444 1.512183 0.321818 0.995257
2.000000 1.000000 0.000000 1.000000 1.775457 1.225515 1.046933 0.221577 0.620052 0.404223 0.948257 0.752858 1.240823 1.387246 1.842246 1.928315 1.805658 1.398401 0.467233 0.350371 1.323333 1.178137 1.348544 1.203924 1.179207 0.828006 1.560199 1.301908 0.033497 0.129012 1.810227 1.481164 1.195699 1.000493 1.203685 0.793220 1.048899 0.478109 1.251295 1.879622 1.986281 1.832819 1.742619 0.355310 0.786783 1.988765 1.843444 1.487817 1.321818 1.995257
1.000000 2.000000 1.000000 0.000000 0.775457 1.774485 0.046933 0.778423 1.620052 0.595777 0.051743 1.752858 1.759177 1.612754 0.842246 0.928315 1.194342 0.398401 1.467233 1.350371 0.323333 0.178137 0.348544 0.203924 0.179207 1.828006 1.439801 1.698092 1.033497 0.870988 0.810227 0.481164 0.195699 1.999507 0.203685 1.793220 1.951101 0.521891 0.251295 0.879622 1.013719 0.832819 0.742619 0.644690 0.213217 0.988765 1.156556 0.487817 1.678182 1.004743
0.224543 1.224543 1.775457 0.775457 0.000000 0.999029 0.728524 1.553880 1.604491 1.371234 0.827199 1.471686 0.983720 0.837298 0.066789 0.152858 0.418886 0.377056 1.757311 1.874172 0.452124 0.597320 0.426913 0.571533 0.596250 1.396537 0.664345 0.922635 1.808954 1.646444 0.034770 0.294292 0.579757 1.224051 0.571771 1.431323 1.175644 1.297348 0.524162 0.104165 0.238262 0.057362 0.032838 1.420147 0.988674 0.213308 0.381099 0.287639 0.902725 0.229287
0.774485 0.225515 1.225515 1.774485 0.999029 0.000000 1.727553 1.447091 0.605463 1.629737 1.826228 0.472657 0.015308 0.161731 0.932239 0.846171 0.580143 1.376085 0.758282 0.875143 1.451152 1.596348 1.425941 1.570562 1.595278 0.397509 0.334684 0.076393 1.192018 1.354527 0.964258 1.293321 1.578786 0.225022 1.570800 0.432295 0.176615 1.703623 1.523191 0.894863 0.760766 0.941666 1.031866 1.580824 1.987702 0.785720 0.617930 1.286668 0.096303 0.769742
0.953067 1.953067 1.046933 0.046933 0.728524 1.727553 0.000000 0.825356 1.666985 0.642710 0.098675 1.799790 1.712244 1.565822 0.795313 0.881382 1.147410 0.351468 1.514165 1.397304 0.276400 0.131204 0.301611 0.156991 0.132274 1.874939 1.392869 1.651159 1.080430 0.917920 0.763294 0.434232 0.148767 1.952575 0.156753 1.840153 1.904168 0.568824 0.204362 0.832689 0.966787 0.785886 0.695686 0.691623 0.260150 0.941832 1.109623 0.440885 1.631249 0.957811
1.778423 1.221577 0.221577 0.778423 1.553880 1.447091 0.825356 0.000000 0.841629 0.182646 0.726681 0.974434 1.462400 1.608822 1.620669 1.706738 1.972766 1.176824 0.688809 0.571948 1.101756 0.956560 1.126967 0.982347 0.957630 1.049583 1.781775 1.523485 0.255074 0.092564 1.588650 1.259588 0.974123 1.222069 0.982109 1.014797 1.270476 0.256532 1.029718 1.658045 1.792142 1.611242 1.521042 0.133733 0.565206 1.767188 1.934979 1.266241 1.543395 1.783167
1.379948 0.379948 0.620052 1.620052 1.604491 0.605463 1.666985 0.841629 0.000000 1.024275 1.568309 0.132806 0.620771 0.767194 1.537702 1.451633 1.185606 1.981547 0.152819 0.269681 1.943385 1.798189 1.968596 1.823976 1.799259 0.207954 0.940147 0.681856 0.586555 0.749064 1.569721 1.898784 1.815751 0.380441 1.823737 0.173168 0.428847 1.098161 1.871347 1.500326 1.366229 1.547129 1.637329 0.975362 1.406835 1.391183 1.223392 1.892130 0.701766 1.375205
1.595777 1.404223 0.404223 0.595777 1.371234 1.629737 0.642710 0.182646 1.024275 0.000000 0.544035 1.157080 1.645046 1.791469 1.438023 1.524092 1.790119 0.994178 0.871456 0.754594 0.919110 0.773914 0.944321 0.799701 0.774984 1.232229 1.964421 1.706131 0.437720 0.275211 1.406004 1.076942 0.791477 1.404715 0.799462 1.197443 1.453122 0.073886 0.847072 1.475399 1.609496 1.428596 1.338396 0.048913 0.382560 1.584542 1.752333 1.083595 1.726041 1.600520
1.051743 1.948257 0.948257 0.051743 0.827199 1.826228 0.098675 0.726681 1.568309 0.544035 0.000000 1.701115 1.810919 1.664497 0.893989 0.980057 1.246085 0.450143 1.415490 1.298629 0.375076 0.229879 0.400287 0.255666 0.230950 1.776263 1.491544 1.749835 0.981754 0.819245 0.861970 0.532907 0.247442 1.948750 0.255428 1.741477 1.997157 0.470149 0.303037 0.931364 1.065462 0.884562 0.794362 0.592948 0.161474 1.040508 1.208298 0.539560 1.729925 1.056486
1.247142 0.247142 0.752858 1.752858 1.471686 0.472657 1.799790 0.974434 0.132806 1.157080 1.701115 0.000000 0.487966 0.634388 1.404896 1.318828 1.052800 1.848742 0.285625 0.402486 1.923809 1.930994 1.898598 1.956781 1.932065 0.075148 0.807341 0.549050 0.719361 0.881870 1.436915 1.765978 1.948557 0.247635 1.956543 0.040362 0.296042 1.230966 1.995848 1.367520 1.233423 1.414323 1.504523 1.108167 1.539641 1.258377 1.090587 1.759325 0.568960 1.242399
0.759177 0.240823 1.240823 1.759177 0.983720 0.015308 1.712244 1.462400 0.620771 1.645046 1.810919 0.487966 0.000000 0.146423 0.916931 0.830862 0.564835 1.360776 0.773590 0.890452 1.435844 1.581040 1.410633 1.555253 1.579970 0.412817 0.319376 0.061085 1.207326 1.369835 0.948950 1.278013 1.563477 0.240331 1.555492 0.447603 0.191924 1.718932 1.507882 0.879555 0.745458 0.926358 1.016558 1.596133 1.972394 0.770412 0.602621 1.271359 0.080995 0.754434
0.612754 0.387246 1.387246 1.612754 0.837298 0.161731 1.565822 1.608822 0.767194 1.791469 1.664497 0.634388 0.146423 0.000000 0.770508 0.684440 0.418412 1.214353 0.920013 1.036874 1.289421 1.434617 1.264210 1.408830 1.433547 0.559240 0.172953 0.085338 1.353749 1.516258 0.802527 1.131590 1.417055 0.386753 1.409069 0.594026 0.338346 1.865354 1.361459 0.733132 0.599035 0.779935 0.870135 1.742555 1.825971 0.623989 0.456198 1.124937 0.065428 0.608011
0.157754 1.157754 1.842246 0.842246 0.066789 0.932239 0.795313 1.620669 1.537702 1.438023 0.893989 1.404896 0.916931 0.770508 0.000000 0.086069 0.352096 0.443845 1.690521 1.807383 0.518913 0.664109 0.493702 0.638322 0.663039 1.329748 0.597555 0.855846 1.875743 1.713234 0.032019 0.361082 0.646547 1.157261 0.638561 1.364534 1.108855 1.364137 0.590951 0.037376 0.171473 0.009427 0.099627 1.486936 1.055463 0.146519 0.314310 0.354429 0.835936 0.162497
0.071685 1.071685 1.928315 0.928315 0.152858 0.846171 0.881382 1.706738 1.451633 1.524092 0.980057 1.318828 0.830862 0.684440 0.086069 0.000000 0.266028 0.529914 1.604453 1.721314 0.604982 0.750178 0.579770 0.724391 0.749108 1.243679 0.511487 0.769777 1.961812 1.799302 0.118087 0.447150 0.732615 1.071193 0.724629 1.278465 1.022786 1.450206 0.677020 0.048693 0.085405 0.095496 0.185696 1.573005 1.141532 0.060450 0.228241 0.440497 0.749868 0.076429
0.194342 0.805658 1.805658 1.194342 0.418886 0.580143 1.147410 1.972766 1.185606 1.790119 1.246085 1.052800 0.564835 0.418412 0.352096 0.266028 0.000000 0.795941 1.338425 1.455286 0.871009 1.016205 0.845798 0.990418 1.015135 0.977652 0.245459 0.503750 1.772161 1.934670 0.384115 0.713178 0.998643 0.805165 0.990657 1.012438 0.756758 1.716234 0.943047 0.314720 0.180623 0.361523 0.451723 1.839032 1.407559 0.205577 0.037786 0.706525 0.483840 0.189599
0.601599 1.601599 1.398401 0.398401 0.377056 1.376085 0.351468 1.176824 1.981547 0.994178 0.450143 1.848742 1.360776 1.214353 0.443845 0.529914 0.795941 0.000000 1.865634 1.748772 0.075068 0.220264 0.049857 0.194477 0.219194 1.773593 1.041401 1.299691 1.431898 1.269389 0.411826 0.082764 0.202701 1.601107 0.194716 1.808379 1.552700 0.920292 0.147106 0.481221 0.615318 0.434418 0.344218 1.043091 0.611618 0.590364 0.758155 0.089417 1.279781 0.606342
1.532767 0.532767 0.467233 1.467233 1.757311 0.758282 1.514165 0.688809 0.152819 0.871456 1.415490 0.285625 0.773590 0.920013 1.690521 1.604453 1.338425 1.865634 0.000000 0.116861 1.790566 1.645370 1.815777 1.671157 1.646440 0.360773 1.092966 0.834675 0.433736 0.596245 1.722540 1.948397 1.662932 0.533260 1.670918 0.325987 0.581667 0.945341 1.718528 1.653145 1.519048 1.699948 1.790148 0.822542 1.254016 1.544002 1.376211 1.955050 0.854585 1.528024
1.649629 0.649629 0.350371 1.350371 1.874172 0.875143 1.397304 0.571948 0.269681 0.754594 1.298629 0.402486 0.890452 1.036874 1.807383 1.721314 1.455286 1.748772 0.116861 0.000000 1.673704 1.528508 1.698915 1.554295 1.529578 0.477635 1.209827 0.951537 0.316874 0.479384 1.839401 1.831536 1.546071 0.650121 1.554057 0.442849 0.698528 0.828480 1.601666 1.770007 1.635909 1.816810 1.907010 0.705681 1.137154 1.660864 1.493073 1.838189 0.971447 1.644885
0.676667 1.676667 1.323333 0.323333 0.452124 1.451152 0.276400 1.101756 1.943385 0.919110 0.375076 1.923809 1.435844 1.289421 0.518913 0.604982 0.871009 0.075068 1.790566 1.673704 0.000000 0.145196 0.025211 0.119409 0.144126 1.848661 1.116468 1.374759 1.356830 1.194321 0.486894 0.157831 0.127634 1.676174 0.119648 1.883447 1.627768 0.845224 0.072038 0.556289 0.690386 0.509486 0.419286 0.968023 0.536550 0.665432 0.833223 0.164485 1.354849 0.681410
0.821863 1.821863 1.178137 0.178137 0.597320 1.596348 0.131204 0.956560 1.798189 0.773914 0.229879 1.930994 1.581040 1.434617 0.664109 0.750178 1.016205 0.220264 1.645370 1.528508 0.145196 0.000000 0.170407 0.025787 0.001070 1.993857 1.261664 1.519955 1.211634 1.049125 0.632090 0.303027 0.017563 1.821371 0.025548 1.971357 1.772964 0.700028 0.073158 0.701485 0.835582 0.654682 0.564482 0.822827 0.391354 0.810628 0.978419 0.309681 1.500045 0.826606
0.651456 1.651456 1.348544 0.348544 0.426913 1.425941 0.301611 1.126967 1.968596 0.944321 0.400287 1.898598 1.410633 1.264210 0.493702 0.579770 0.845798 0.049857 1.815777 1.698915 0.025211 0.170407 0.000000 0.144620 0.169337 1.823450 1.091257 1.349548 1.382041 1.219532 0.461683 0.132620 0.152845 1.650963 0.144859 1.858236 1.602557 0.870436 0.097249 0.531078 0.665175 0.484275 0.394075 0.993234 0.561761 0.640221 0.808012 0.139273 1.329638 0.656199
0.796076 1.796076 1.203924 0.203924 0.571533 1.570562 0.156991 0.982347 1.823976 0.799701 0.255666 1.956781 1.555253 1.408830 0.638322 0.724391 0.990418 0.194477 1.671157 1.554295 0.119409 0.025787 0.144620 0.000000 0.024717 1.968070 1.235878 1.494168 1.237421 1.074912 0.606303 0.277241 0.008224 1.795584 0.000239 1.997144 1.747177 0.725815 0.047371 0.675698 0.809795 0.628895 0.538695 0.848614 0.417141 0.784841 0.952632 0.283894 1.474258 0.800819
0.820793 1.820793 1.179207 0.179207 0.596250 1.595278 0.132274 0.957630 1.799259 0.774984 0.230950 1.932065 1.579970 1.433547 0.663039 0.749108 1.015135 0.219194 1.646440 1.529578 0.144126 0.001070 0.169337 0.024717 0.000000 1.992787 1.260594 1.518885 1.212704 1.050195 0.631020 0.301957 0.016492 1.820300 0.024478 1.972427 1.771894 0.701098 0.072088 0.700415 0.834512 0.653612 0.563412 0.823897 0.392424 0.809558 0.977349 0.308610 1.498975 0.825536
1.171994 0.171994 0.828006 1.828006 1.396537 0.397509 1.874939 1.049583 0.207954 1.232229 1.776263 0.075148 0.412817 0.559240 1.329748 1.243679 0.977652 1.773593 0.360773 0.477635 1.848661 1.993857 1.823450 1.968070 1.992787 0.000000 0.732193 0.473902 0.794509 0.957018 1.361767 1.690830 1.976295 0.172487 1.968309 0.034786 0.220893 1.306115 1.920699 1.292372 1.158275 1.339175 1.429375 1.183316 1.614789 1.183229 1.015438 1.684176 0.493812 1.167251
0.439801 0.560199 1.560199 1.439801 0.664345 0.334684 1.392869 1.781775 0.940147 1.964421 1.491544 0.807341 0.319376 0.172953 0.597555 0.511487 0.245459 1.041401 1.092966 1.209827 1.116468 1.261664 1.091257 1.235878 1.260594 0.732193 0.000000 0.258291 1.526702 1.689211 0.629574 0.958637 1.244102 0.559706 1.236116 0.766979 0.511299 1.961693 1.188507 0.560179 0.426082 0.606982 0.697182 1.915508 1.653018 0.451036 0.283246 0.951984 0.238381 0.435058
0.698092 0.301908 1.301908 1.698092 0.922635 0.076393 1.651159 1.523485 0.681856 1.706131 1.749835 0.549050 0.061085 0.085338 0.855846 0.769777 0.503750 1.299691 0.834675 0.951537 1.374759 1.519955 1.349548 1.494168 1.518885 0.473902 0.258291 0.000000 1.268411 1.430920 0.887865 1.216928 1.502393 0.301415 1.494407 0.508688 0.253009 1.780017 1.446797 0.818470 0.684373 0.865273 0.955473 1.657218 1.911309 0.709327 0.541536 1.210275 0.019910 0.693349
1.966503 0.966503 0.033497 1.033497 1.808954 1.192018 1.080430 0.255074 0.586555 0.437720 0.981754 0.719361 1.207326 1.353749 1.875743 1.961812 1.772161 1.431898 0.433736 0.316874 1.356830 1.211634 1.382041 1.237421 1.212704 0.794509 1.526702 1.268411 0.000000 0.162509 1.843724 1.514661 1.229196 0.966996 1.237182 0.759723 1.015402 0.511606 1.284792 1.913119 1.952784 1.866316 1.776116 0.388807 0.820280 1.977738 1.809947 1.521315 1.288321 1.961760
1.870988 1.129012 0.129012 0.870988 1.646444 1.354527 0.917920 0.092564 0.749064 0.275211 0.819245 0.881870 1.369835 1.516258 1.713234 1.799302 1.934670 1.269389 0.596245 0.479384 1.194321 1.049125 1.219532 1.074912 1.050195 0.957018 1.689211 1.430920 0.162509 0.000000 1.681215 1.352152 1.066687 1.129505 1.074673 0.922232 1.177912 0.349096 1.122283 1.750610 1.884707 1.703807 1.613607 0.226297 0.657771 1.859753 1.972456 1.358805 1.450830 1.875731
0.189773 1.189773 1.810227 0.810227 0.034770 0.964258 0.763294 1.588650 1.569721 1.406004 0.861970 1.436915 0.948950 0.802527 0.032019 0.118087 0.384115 0.411826 1.722540 1.839401 0.486894 0.632090 0.461683 0.606303 0.631020 1.361767 0.629574 0.887865 1.843724 1.681215 0.000000 0.329063 0.614528 1.189280 0.606542 1.396553 1.140873 1.332119 0.558932 0.069395 0.203492 0.022592 0.067608 1.454917 1.023444 0.178538 0.346329 0.322410 0.867955 0.194516
0.518836 1.518836 1.481164 0.481164 0.294292 1.293321 0.434232 1.259588 1.898784 1.076942 0.532907 1.765978 1.278013 1.131590 0.361082 0.447150 0.713178 0.082764 1.948397 1.831536 0.157831 0.303027 0.132620 0.277241 0.301957 1.690830 0.958637 1.216928 1.514661 1.352152 0.329063 0.000000 0.285465 1.518343 0.277479 1.725616 1.469936 1.003056 0.229870 0.398458 0.532555 0.351655 0.261455 1.125855 0.694381 0.507601 0.675391 0.006653 1.197018 0.523579
0.804301 1.804301 1.195699 0.195699 0.579757 1.578786 0.148767 0.974123 1.815751 0.791477 0.247442 1.948557 1.563477 1.417055 0.646547 0.732615 0.998643 0.202701 1.662932 1.546071 0.127634 0.017563 0.152845 0.008224 0.016492 1.976295 1.244102 1.502393 1.229196 1.066687 0.614528 0.285465 0.000000 1.803808 0.007986 1.988919 1.755401 0.717591 0.055595 0.683923 0.818020 0.637120 0.546920 0.840390 0.408916 0.793066 0.960856 0.292118 1.482483 0.809044
0.999507 0.000493 1.000493 1.999507 1.224051 0.225022 1.952575 1.222069 0.380441 1.404715 1.948750 0.247635 0.240331 0.386753 1.157261 1.071193 0.805165 1.601107 0.533260 0.650121 1.676174 1.821371 1.650963 1.795584 1.820300 0.172487 0.559706 0.301415 0.966996 1.129505 1.189280 1.518343 1.803808 0.000000 1.795822 0.207273 0.048407 1.478601 1.748213 1.119886 0.985788 1.166688 1.256888 1.355802 1.787276 1.010742 0.842952 1.511690 0.321325 0.994764
0.796315 1.796315 1.203685 0.203685 0.571771 1.570800 0.156753 0.982109 1.823737 0.799462 0.255428 1.956543 1.555492 1.409069 0.638561 0.724629 0.990657 0.194716 1.670918 1.554057 0.119648 0.025548 0.144859 0.000239 0.024478 1.968309 1.236116 1.494407 1.237182 1.074673 0.606542 0.277479 0.007986 1.795822 0.000000 1.996905 1.747415 0.725577 0.047610 0.675937 0.810034 0.629134 0.538934 0.848376 0.416902 0.785080 0.952871 0.284132 1.474497 0.801058
1.206780 0.206780 0.793220 1.793220 1.431323 0.432295 1.840153 1.014797 0.173168 1.197443 1.741477 0.040362 0.447603 0.594026 1.364534 1.278465 1.012438 1.808379 0.325987 0.442849 1.883447 1.971357 1.858236 1.997144 1.972427 0.034786 0.766979 0.508688 0.759723 0.922232 1.396553 1.725616 1.988919 0.207273 1.996905 0.000000 0.255679 1.271329 1.955485 1.327158 1.193061 1.373961 1.464161 1.148530 1.580003 1.218015 1.050224 1.718963 0.528598 1.202037
0.951101 0.048899 1.048899 1.951101 1.175644 0.176615 1.904168 1.270476 0.428847 1.453122 1.997157 0.296042 0.191924 0.338346 1.108855 1.022786 0.756758 1.552700 0.581667 0.698528 1.627768 1.772964 1.602557 1.747177 1.771894 0.220893 0.511299 0.253009 1.015402 1.177912 1.140873 1.469936 1.755401 0.048407 1.747415 0.255679 0.000000 1.527008 1.699806 1.071479 0.937381 1.118282 1.208482 1.404209 1.835682 0.962336 0.794545 1.463283 0.272918 0.946357
1.521891 1.478109 0.478109 0.521891 1.297348 1.703623 0.568824 0.256532 1.098161 0.073886 0.470149 1.230966 1.718932 1.865354 1.364137 1.450206 1.716234 0.920292 0.945341 0.828480 0.845224 0.700028 0.870436 0.725815 0.701098 1.306115 1.961693 1.780017 0.511606 0.349096 1.332119 1.003056 0.717591 1.478601 0.725577 1.271329 1.527008 0.000000 0.773186 1.401513 1.535611 1.354710 1.264510 0.122799 0.308674 1.510656 1.678447 1.009709 1.799926 1.526635
0.748705 1.748705 1.251295 0.251295 0.524162 1.523191 0.204362 1.029718 1.871347 0.847072 0.303037 1.995848 1.507882 1.361459 0.590951 0.677020 0.943047 0.147106 1.718528 1.601666 0.072038 0.073158 0.097249 0.047371 0.072088 1.920699 1.188507 1.446797 1.284792 1.122283 0.558932 0.229870 0.055595 1.748213 0.047610 1.955485 1.699806 0.773186 0.000000 0.628327 0.762424 0.581524 0.491324 0.895985 0.464512 0.737470 0.905261 0.236523 1.426887 0.753448
0.120378 1.120378 1.879622 0.879622 0.104165 0.894863 0.832689 1.658045 1.500326 1.475399 0.931364 1.367520 0.879555 0.733132 0.037376 0.048693 0.314720 0.481221 1.653145 1.770007 0.556289 0.701485 0.531078 0.675698 0.700415 1.292372 0.560179 0.818470 1.913119 1.750610 0.069395 0.398458 0.683923 1.119886 0.675937 1.327158 1.071479 1.401513 0.628327 0.000000 0.134097 0.046803 0.137003 1.524312 1.092839 0.109143 0.276934 0.391804 0.798560 0.125121
0.013719 0.986281 1.986281 1.013719 0.238262 0.760766 0.966787 1.792142 1.366229 1.609496 1.065462 1.233423 0.745458 0.599035 0.171473 0.085405 0.180623 0.615318 1.519048 1.635909 0.690386 0.835582 0.665175 0.809795 0.834512 1.158275 0.426082 0.684373 1.952784 1.884707 0.203492 0.532555 0.818020 0.985788 0.810034 1.193061 0.937381 1.535611 0.762424 0.134097 0.000000 0.180900 0.271100 1.658409 1.226936 0.024954 0.142837 0.525902 0.664463 0.008976
0.167181 1.167181 1.832819 0.832819 0.057362 0.941666 0.785886 1.611242 1.547129 1.428596 0.884562 1.414323 0.926358 0.779935 0.009427 0.095496 0.361523 0.434418 1.699948 1.816810 0.509486 0.654682 0.484275 0.628895 0.653612 1.339175 0.606982 0.865273 1.866316 1.703807 0.022592 0.351655 0.637120 1.166688 0.629134 1.373961 1.118282 1.354710 0.581524 0.046803 0.180900 0.000000 0.090200 1.477509 1.046036 0.155946 0.323737 0.345002 0.845363 0.171924
0.257381 1.257381 1.742619 0.742619 0.032838 1.031866 0.695686 1.521042 1.637329 1.338396 0.794362 1.504523 1.016558 0.870135 0.099627 0.185696 0.451723 0.344218 1.790148 1.907010 0.419286 0.564482 0.394075 0.538695 0.563412 1.429375 0.697182 0.955473 1.776116 1.613607 0.067608 0.261455 0.546920 1.256888 0.538934 1.464161 1.208482 1.264510 0.491324 0.137003 0.271100 0.090200 0.000000 1.387309 0.955836 0.246146 0.413937 0.254802 0.935563 0.262124
1.644690 1.355310 0.355310 0.644690 1.420147 1.580824 0.691623 0.133733 0.975362 0.048913 0.592948 1.108167 1.596133 1.742555 1.486936 1.573005 1.839032 1.043091 0.822542 0.705681 0.968023 0.822827 0.993234 0.848614 0.823897 1.183316 1.915508 1.657218 0.388807 0.226297 1.454917 1.125855 0.840390 1.355802 0.848376 1.148530 1.404209 0.122799 0.895985 1.524312 1.658409 1.477509 1.387309 0.000000 0.431473 1.633455 1.801246 1.132508 1.677128 1.649434
1.213217 1.786783 0.786783 0.213217 0.988674 1.987702 0.260150 0.565206 1.406835 0.382560 0.161474 1.539641 1.972394 1.825971 1.055463 1.141532 1.407559 0.611618 1.254016 1.137154 0.536550 0.391354 0.561761 0.417141 0.392424 1.614789 1.653018 1.911309 0.820280 0.657771 1.023444 0.694381 0.408916 1.787276 0.416902 1.580003 1.835682 0.308674 0.464512 1.092839 1.226936 1.046036 0.955836 0.431473 0.000000 1.201982 1.369773 0.701035 1.891399 1.217960
0.011235 1.011235 1.988765 0.988765 0.213308 0.785720 0.941832 1.767188 1.391183 1.584542 1.040508 1.258377 0.770412 0.623989 0.146519 0.060450 0.205577 0.590364 1.544002 1.660864 0.665432 0.810628 0.640221 0.784841 0.809558 1.183229 0.451036 0.709327 1.977738 1.859753 0.178538 0.507601 0.793066 1.010742 0.785080 1.218015 0.962336 1.510656 0.737470 0.109143 0.024954 0.155946 0.246146 1.633455 1.201982 0.000000 0.167791 0.500948 0.689417 0.015978
0.156556 0.843444 1.843444 1.156556 0.381099 0.617930 1.109623 1.934979 1.223392 1.752333 1.208298 1.090587 0.602621 0.456198 0.314310 0.228241 0.037786 0.758155 1.376211 1.493073 0.833223 0.978419 0.808012 0.952632 0.977349 1.015438 0.283246 0.541536 1.809947 1.972456 0.346329 0.675391 0.960856 0.842952 0.952871 1.050224 0.794545 1.678447 0.905261 0.276934 0.142837 0.323737 0.413937 1.801246 1.369773 0.167791 0.000000 0.668738 0.521626 0.151813
0.512183 1.512183 1.487817 0.487817 0.287639 1.286668 0.440885 1.266241 1.892130 1.083595 0.539560 1.759325 1.271359 1.124937 0.354429 0.440497 0.706525 0.089417 1.955050 1.838189 0.164485 0.309681 0.139273 0.283894 0.308610 1.684176 0.951984 1.210275 1.521315 1.358805 0.322410 0.006653 0.292118 1.511690 0.284132 1.718963 1.463283 1.009709 0.236523 0.391804 0.525902 0.345002 0.254802 1.132508 0.701035 0.500948 0.668738 0.000000 1.190365 0.516926
0.678182 0.321818 1.321818 1.678182 0.902725 0.096303 1.631249 1.543395 0.701766 1.726041 1.729925 0.568960 0.080995 0.065428 0.835936 0.749868 0.483840 1.279781 0.854585 0.971447 1.354849 1.500045 1.329638 1.474258 1.498975 0.493812 0.238381 0.019910 1.288321 1.450830 0.867955 1.197018 1.482483 0.321325 1.474497 0.528598 0.272918 1.799926 1.426887 0.798560 0.664463 0.845363 0.935563 1.677128 1.891399 0.689417 0.521626 1.190365 0.000000 0.673439
0.004743 0.995257 1.995257 1.004743 0.229287 0.769742 0.957811 1.783167 1.375205 1.600520 1.056486 1.242399 0.754434 0.608011 0.162497 0.076429 0.189599 0.606342 1.528024 1.644885 0.681410 0.826606 0.656199 0.800819 0.825536 1.167251 0.435058 0.693349 1.961760 1.875731 0.194516 0.523579 0.809044 0.994764 0.801058 1.202037 0.946357 1.526635 0.753448 0.125121 0.008976 0.171924 0.262124 1.649434 1.217960 0.015978 0.151813 0.516926 0.673439 0.000000
