20
0.000000 1.000000 2.000000 1.000000 0.275188 0.991026 1.350526 1.313527 0.783835 1.299394 0.472197 1.932757 1.349381 0.834993 0.000931 1.557541 0.747259 0.929253 1.927238 1.831177
1.000000 0.000000 1.000000 2.000000 0.724812 1.991026 1.649474 1.686473 1.783835 1.700606 1.472197 1.067243 1.650619 1.834993 0.999069 0.557541 1.747259 1.929253 1.072762 0.831177
2.000000 1.000000 0.000000 1.000000 1.724812 1.008974 0.649474 0.686473 1.216165 0.700606 1.527803 0.067243 0.650619 1.165007 1.999069 0.442459 1.252741 1.070747 0.072762 0.168823
1.000000 2.000000 1.000000 0.000000 1.275188 0.008974 0.350526 0.313527 0.216165 0.299394 0.527803 0.932757 0.349381 0.165007 1.000931 1.442459 0.252741 0.070747 0.927238 1.168823
0.275188 0.724812 1.724812 1.275188 0.000000 1.266214 1.625714 1.588715 1.059023 1.574582 0.747384 1.792056 1.624569 1.110181 0.274257 1.282353 1.022447 1.204441 1.797574 1.555990
0.991026 1.991026 1.008974 0.008974 1.266214 0.000000 0.359500 0.322501 0.207191 0.308368 0.518829 0.941731 0.358355 0.156033 0.991957 1.451433 0.243767 0.061773 0.936212 1.177797
1.350526 1.649474 0.649474 0.350526 1.625714 0.359500 0.000000 0.036999 0.566691 0.051133 0.878330 0.582230 0.001145 0.515533 1.351458 1.091933 0.603267 0.421274 0.576712 0.818296
1.313527 1.686473 0.686473 0.313527 1.588715 0.322501 0.036999 0.000000 0.529692 0.014134 0.841331 0.619229 0.035854 0.478534 1.314459 1.128932 0.566268 0.384275 0.613711 0.855295
0.783835 1.783835 1.216165 0.216165 1.059023 0.207191 0.566691 0.529692 0.000000 0.515559 0.311639 1.148921 0.565546 0.051158 0.784767 1.658624 0.036576 0.145417 1.143403 1.384987
1.299394 1.700606 0.700606 0.299394 1.574582 0.308368 0.051133 0.014134 0.515559 0.000000 0.827197 0.633363 0.049987 0.464401 1.300325 1.143065 0.552135 0.370141 0.627844 0.869429
0.472197 1.472197 1.527803 0.527803 0.747384 0.518829 0.878330 0.841331 0.311639 0.827197 0.000000 1.460560 0.877185 0.362797 0.473128 1.970262 0.275062 0.457056 1.455041 1.696626
1.932757 1.067243 0.067243 0.932757 1.792056 0.941731 0.582230 0.619229 1.148921 0.633363 1.460560 0.000000 0.583375 1.097764 1.933688 0.509702 1.185498 1.003504 0.005519 0.236066
1.349381 1.650619 0.650619 0.349381 1.624569 0.358355 0.001145 0.035854 0.565546 0.049987 0.877185 0.583375 0.000000 0.514388 1.350312 1.093078 0.602122 0.420128 0.577857 0.819442
0.834993 1.834993 1.165007 0.165007 1.110181 0.156033 0.515533 0.478534 0.051158 0.464401 0.362797 1.097764 0.514388 0.000000 0.835924 1.607466 0.087734 0.094260 1.092245 1.333830
0.000931 0.999069 1.999069 1.000931 0.274257 0.991957 1.351458 1.314459 0.784767 1.300325 0.473128 1.933688 1.350312 0.835924 0.000000 1.556610 0.748190 0.930184 1.928169 1.830246
1.557541 0.557541 0.442459 1.442459 1.282353 1.451433 1.091933 1.128932 1.658624 1.143065 1.970262 0.509702 1.093078 1.607466 1.556610 0.000000 1.695200 1.513206 0.515221 0.273636
0.747259 1.747259 1.252741 0.252741 1.022447 0.243767 0.603267 0.566268 0.036576 0.552135 0.275062 1.185498 0.602122 0.087734 0.748190 1.695200 0.000000 0.181994 1.179979 1.421564
0.929253 1.929253 1.070747 0.070747 1.204441 0.061773 0.421274 0.384275 0.145417 0.370141 0.457056 1.003504 0.420128 0.094260 0.930184 1.513206 0.181994 0.000000 0.997985 1.239570
1.927238 1.072762 0.072762 0.927238 1.797574 0.936212 0.576712 0.613711 1.143403 0.627844 1.455041 0.005519 0.577857 1.092245 1.928169 0.515221 1.179979 0.997985 0.000000 0.241585
1.831177 0.831177 0.168823 1.168823 1.555990 1.177797 0.818296 0.855295 1.384987 0.869429 1.696626 0.236066 0.819442 1.333830 1.830246 0.273636 1.421564 1.239570 0.241585 0.000000
