10
0.000000 1.000000 2.000000 1.000000 1.661500 0.735611 0.634199 1.877400 1.409355 1.060200
1.000000 0.000000 1.000000 2.000000 1.338500 0.264389 1.634199 0.877400 0.409355 1.939800
2.000000 1.000000 0.000000 1.000000 0.338500 1.264389 1.365801 0.122600 0.590645 0.939800
1.000000 2.000000 1.000000 0.000000 0.661500 1.735611 0.365801 1.122600 1.590645 0.060200
1.661500 1.338500 0.338500 0.661500 0.000000 1.602889 1.027302 0.461099 0.929144 0.601300
0.735611 0.264389 1.264389 1.735611 1.602889 0.000000 1.369809 1.141790 0.673745 1.795811
0.634199 1.634199 1.365801 0.365801 1.027302 1.369809 0.000000 1.488401 1.956446 0.426002
1.877400 0.877400 0.122600 1.122600 0.461099 1.141790 1.488401 0.000000 0.468045 1.062399
1.409355 0.409355 0.590645 1.590645 0.929144 0.673745 1.956446 0.468045 0.000000 1.530444
1.060200 1.939800 0.939800 0.060200 0.601300 1.795811 0.426002 1.062399 1.530444 0.000000
