15
0.000000 1.000000 2.000000 1.000000 1.369573 1.709437 0.647938 0.483996 0.037174 0.125906 1.351020 0.992699 1.368066 0.696437 1.098129
1.000000 0.000000 1.000000 2.000000 0.369573 0.709437 0.352062 0.516004 1.037174 0.874094 0.351020 1.992699 0.368066 1.696437 0.098129
2.000000 1.000000 0.000000 1.000000 0.630427 0.290563 1.352062 1.516004 1.962826 1.874094 0.648980 1.007301 0.631934 1.303563 0.901871
1.000000 2.000000 1.000000 0.000000 1.630427 1.290563 1.647938 1.483996 0.962826 1.125906 1.648980 0.007301 1.631934 0.303563 1.901871
1.369573 0.369573 0.630427 1.630427 0.000000 0.339864 0.721635 0.885578 1.406747 1.243667 0.018554 1.637727 0.001507 1.933990 0.271445
1.709437 0.709437 0.290563 1.290563 0.339864 0.000000 1.061499 1.225442 1.746611 1.583531 0.358417 1.297864 0.341371 1.594126 0.611309
0.647938 0.352062 1.352062 1.647938 0.721635 1.061499 0.000000 0.163943 0.685112 0.522032 0.703082 1.640638 0.720128 1.344375 0.450190
0.483996 0.516004 1.516004 1.483996 0.885578 1.225442 0.163943 0.000000 0.521169 0.358089 0.867024 1.476695 0.884071 1.180432 0.614133
0.037174 1.037174 1.962826 0.962826 1.406747 1.746611 0.685112 0.521169 0.000000 0.163080 1.388193 0.955526 1.405240 0.659263 1.135302
0.125906 0.874094 1.874094 1.125906 1.243667 1.583531 0.522032 0.358089 0.163080 0.000000 1.225113 1.118606 1.242160 0.822343 0.972222
1.351020 0.351020 0.648980 1.648980 0.018554 0.358417 0.703082 0.867024 1.388193 1.225113 0.000000 1.656281 0.017047 1.952543 0.252891
0.992699 1.992699 1.007301 0.007301 1.637727 1.297864 1.640638 1.476695 0.955526 1.118606 1.656281 0.000000 1.639234 0.296263 1.909172
1.368066 0.368066 0.631934 1.631934 0.001507 0.341371 0.720128 0.884071 1.405240 1.242160 0.017047 1.639234 0.000000 1.935497 0.269938
0.696437 1.696437 1.303563 0.303563 1.933990 1.594126 1.344375 1.180432 0.659263 0.822343 1.952543 0.296263 1.935497 0.000000 1.794565
1.098129 0.098129 0.901871 1.901871 0.271445 0.611309 0.450190 0.614133 1.135302 0.972222 0.252891 1.909172 0.269938 1.794565 0.000000
