40
0.000000 1.000000 2.000000 1.000000 0.251721 1.062238 0.863937 1.049305 0.840034 0.035514 1.040994 1.679872 0.671265 0.395599 0.165725 1.138002 0.122080 0.688674 0.568157 0.364956 1.071352 1.610008 0.862663 0.651128 0.511419 1.940364 1.176633 0.281064 0.702786 0.117507 0.392241 0.066278 0.115217 1.871340 0.099258 0.219970 0.465415 1.052812 0.803358 1.685409
1.000000 0.000000 1.000000 2.000000 0.748279 1.937762 0.136063 1.950695 0.159966 1.035514 0.040994 0.679872 0.328735 0.604401 1.165725 1.861998 1.122080 0.311326 1.568157 0.635044 0.071352 0.610008 0.137337 0.348872 0.488581 1.059636 0.176633 0.718936 0.297214 1.117507 0.607759 1.066278 1.115217 0.871340 0.900742 0.780030 0.534585 0.052812 0.196642 0.685409
2.000000 1.000000 0.000000 1.000000 1.748279 0.937762 1.136063 0.950695 1.159966 1.964486 0.959006 0.320128 1.328735 1.604401 1.834275 0.861998 1.877920 1.311326 1.431843 1.635044 0.928648 0.389992 1.137337 1.348872 1.488581 0.059636 0.823367 1.718936 1.297214 1.882493 1.607759 1.933722 1.884783 0.128660 1.900742 1.780030 1.534585 0.947188 1.196642 0.314591
1.000000 2.000000 1.000000 0.000000 1.251721 0.062238 1.863937 0.049305 1.840034 0.964486 1.959006 1.320128 1.671265 1.395599 0.834275 0.138002 0.877920 1.688674 0.431843 1.364956 1.928648 1.389992 1.862663 1.651128 1.511419 0.940364 1.823367 1.281064 1.702786 0.882493 1.392241 0.933722 0.884783 1.128660 1.099258 1.219970 1.465415 1.947188 1.803358 1.314591
0.251721 0.748279 1.748279 1.251721 0.000000 1.313959 0.612216 1.301027 0.588312 0.287235 0.789273 1.428151 0.419544 0.143877 0.417446 1.389723 0.373801 0.436953 0.819878 0.113235 0.819630 1.358287 0.610942 0.399407 0.259698 1.807915 0.924912 0.029343 0.451065 0.369228 0.140520 0.317999 0.366938 1.619619 0.152464 0.031752 0.213694 0.801090 0.551637 1.433688
1.062238 1.937762 0.937762 0.062238 1.313959 0.000000 1.926175 0.012933 1.902271 1.026724 1.896768 1.257890 1.733503 1.457837 0.896513 0.075764 0.940158 1.750912 0.494081 1.427194 1.866411 1.327754 1.924901 1.713366 1.573657 0.878126 1.761129 1.343302 1.765024 0.944731 1.454479 0.995960 0.947021 1.066422 1.161496 1.282207 1.527653 1.884951 1.865596 1.252353
0.863937 0.136063 1.136063 1.863937 0.612216 1.926175 0.000000 1.913242 0.023904 0.899451 0.177057 0.815935 0.192672 0.468338 1.029662 1.998061 0.986017 0.175263 1.432094 0.498981 0.207414 0.746071 0.001274 0.212809 0.352518 1.195699 0.312696 0.582873 0.161151 0.981444 0.471696 0.930215 0.979154 1.007403 0.764679 0.643968 0.398522 0.188874 0.060579 0.821472
1.049305 1.950695 0.950695 0.049305 1.301027 0.012933 1.913242 0.000000 1.889339 1.013791 1.909701 1.270823 1.720571 1.444904 0.883580 0.088696 0.927226 1.737980 0.481148 1.414261 1.879343 1.340686 1.911968 1.700433 1.560725 0.891059 1.774061 1.330369 1.752091 0.931798 1.441546 0.983027 0.934089 1.079354 1.148563 1.269275 1.514721 1.897883 1.852663 1.265285
0.840034 0.159966 1.159966 1.840034 0.588312 1.902271 0.023904 1.889339 0.000000 0.875548 0.200960 0.839839 0.168768 0.444435 1.005759 1.978035 0.962113 0.151359 1.408191 0.475078 0.231318 0.769975 0.022630 0.188906 0.328614 1.219602 0.336600 0.558970 0.137248 0.957541 0.447793 0.906312 0.955250 1.031307 0.740776 0.620064 0.374618 0.212778 0.036676 0.845376
0.035514 1.035514 1.964486 0.964486 0.287235 1.026724 0.899451 1.013791 0.875548 0.000000 1.076508 1.715386 0.706780 0.431113 0.130211 1.102487 0.086565 0.724189 0.532643 0.400470 1.106866 1.645523 0.898177 0.686642 0.546934 1.904850 1.212148 0.316578 0.738300 0.081993 0.427755 0.030764 0.079702 1.906854 0.134772 0.255484 0.500930 1.088326 0.838872 1.720924
1.040994 0.040994 0.959006 1.959006 0.789273 1.896768 0.177057 1.909701 0.200960 1.076508 0.000000 0.638878 0.369728 0.645395 1.206719 1.821004 1.163073 0.352320 1.609151 0.676038 0.030358 0.569014 0.178331 0.389866 0.529575 1.018642 0.135639 0.759930 0.338208 1.158501 0.648753 1.107272 1.156210 0.830346 0.941736 0.821024 0.575579 0.011818 0.237636 0.644416
1.679872 0.679872 0.320128 1.320128 1.428151 1.257890 0.815935 1.270823 0.839839 1.715386 0.638878 0.000000 1.008607 1.284273 1.845597 1.182126 1.801952 0.991198 1.751971 1.314916 0.608521 0.069864 0.817209 1.028744 1.168453 0.379764 0.503239 1.398808 0.977086 1.797379 1.287631 1.746150 1.795089 0.191468 1.580614 1.459902 1.214457 0.627060 0.876514 0.005537
0.671265 0.328735 1.328735 1.671265 0.419544 1.733503 0.192672 1.720571 0.168768 0.706780 0.369728 1.008607 0.000000 0.275667 0.836991 1.809267 0.793345 0.017409 1.239423 0.306309 0.400086 0.938743 0.191398 0.020138 0.159846 1.388370 0.505368 0.390202 0.031520 0.788772 0.279025 0.737544 0.786482 1.200075 0.572008 0.451296 0.205850 0.381546 0.132092 1.014144
0.395599 0.604401 1.604401 1.395599 0.143877 1.457837 0.468338 1.444904 0.444435 0.431113 0.645395 1.284273 0.275667 0.000000 0.561324 1.533600 0.517678 0.293076 0.963756 0.030643 0.675753 1.214410 0.467064 0.255529 0.115821 1.664037 0.781035 0.114535 0.307187 0.513106 0.003358 0.461877 0.510815 1.475742 0.296341 0.175629 0.069817 0.657213 0.407759 1.289811
0.165725 1.165725 1.834275 0.834275 0.417446 0.896513 1.029662 0.883580 1.005759 0.130211 1.206719 1.845597 0.836991 0.561324 0.000000 0.972277 0.043646 0.854399 0.402432 0.530681 1.237077 1.775733 1.028388 0.816853 0.677144 1.774639 1.342358 0.446789 0.868511 0.048218 0.557966 0.099447 0.050508 1.962935 0.264983 0.385695 0.631140 1.218537 0.969083 1.851134
1.138002 1.861998 0.861998 0.138002 1.389723 0.075764 1.998061 0.088696 1.978035 1.102487 1.821004 1.182126 1.809267 1.533600 0.972277 0.000000 1.015922 1.826676 0.569845 1.502958 1.790647 1.251990 1.999335 1.789130 1.649421 0.802362 1.685365 1.419066 1.840788 1.020495 1.530242 1.071723 1.022785 0.990658 1.237259 1.357971 1.603417 1.809187 1.941360 1.176589
0.122080 1.122080 1.877920 0.877920 0.373801 0.940158 0.986017 0.927226 0.962113 0.086565 1.163073 1.801952 0.793345 0.517678 0.043646 1.015922 0.000000 0.810754 0.446078 0.487036 1.193431 1.732088 0.984743 0.773207 0.633499 1.818285 1.298713 0.403143 0.824865 0.004573 0.514320 0.055801 0.006863 1.993420 0.221337 0.342049 0.587495 1.174891 0.925437 1.807489
0.688674 0.311326 1.311326 1.688674 0.436953 1.750912 0.175263 1.737980 0.151359 0.724189 0.352320 0.991198 0.017409 0.293076 0.854399 1.826676 0.810754 0.000000 1.256831 0.323718 0.382677 0.921334 0.173989 0.037546 0.177255 1.370962 0.487959 0.407610 0.014111 0.806181 0.296434 0.754953 0.803891 1.182666 0.589417 0.468705 0.223259 0.364137 0.114684 0.996735
0.568157 1.568157 1.431843 0.431843 0.819878 0.494081 1.432094 0.481148 1.408191 0.532643 1.609151 1.751971 1.239423 0.963756 0.402432 0.569845 0.446078 1.256831 0.000000 0.933113 1.639509 1.821835 1.430820 1.219285 1.079577 1.372207 1.744791 0.849221 1.270943 0.450650 0.960398 0.501879 0.452941 1.560503 0.667415 0.788127 1.033573 1.620969 1.371515 1.746433
0.364956 0.635044 1.635044 1.364956 0.113235 1.427194 0.498981 1.414261 0.475078 0.400470 0.676038 1.314916 0.306309 0.030643 0.530681 1.502958 0.487036 0.323718 0.933113 0.000000 0.706396 1.245052 0.497707 0.286172 0.146463 1.694680 0.811677 0.083892 0.337830 0.482463 0.027285 0.431234 0.480173 1.506384 0.265698 0.144986 0.100459 0.687856 0.438402 1.320453
1.071352 0.071352 0.928648 1.928648 0.819630 1.866411 0.207414 1.879343 0.231318 1.106866 0.030358 0.608521 0.400086 0.675753 1.237077 1.790647 1.193431 0.382677 1.639509 0.706396 0.000000 0.538657 0.208689 0.420224 0.559932 0.988284 0.105282 0.790288 0.368566 1.188859 0.679111 1.137630 1.186568 0.799989 0.972094 0.851382 0.605936 0.018540 0.267994 0.614058
1.610008 0.610008 0.389992 1.389992 1.358287 1.327754 0.746071 1.340686 0.769975 1.645523 0.569014 0.069864 0.938743 1.214410 1.775733 1.251990 1.732088 0.921334 1.821835 1.245052 0.538657 0.000000 0.747345 0.958880 1.098589 0.449628 0.433375 1.328944 0.907222 1.727515 1.217768 1.676287 1.725225 0.261332 1.510751 1.390039 1.144593 0.557197 0.806650 0.075401
0.862663 0.137337 1.137337 1.862663 0.610942 1.924901 0.001274 1.911968 0.022630 0.898177 0.178331 0.817209 0.191398 0.467064 1.028388 1.999335 0.984743 0.173989 1.430820 0.497707 0.208689 0.747345 0.000000 0.211535 0.351244 1.196973 0.313970 0.581599 0.159877 0.980170 0.470422 0.928941 0.977880 1.008677 0.763405 0.642693 0.397248 0.190149 0.059305 0.822746
0.651128 0.348872 1.348872 1.651128 0.399407 1.713366 0.212809 1.700433 0.188906 0.686642 0.389866 1.028744 0.020138 0.255529 0.816853 1.789130 0.773207 0.037546 1.219285 0.286172 0.420224 0.958880 0.211535 0.000000 0.139709 1.408508 0.525505 0.370064 0.051658 0.768635 0.258887 0.717406 0.766345 1.220212 0.551870 0.431158 0.185713 0.401684 0.152230 1.034281
0.511419 0.488581 1.488581 1.511419 0.259698 1.573657 0.352518 1.560725 0.328614 0.546934 0.529575 1.168453 0.159846 0.115821 0.677144 1.649421 0.633499 0.177255 1.079577 0.146463 0.559932 1.098589 0.351244 0.139709 0.000000 1.548217 0.665214 0.230355 0.191366 0.628926 0.119179 0.577698 0.626636 1.359921 0.412162 0.291450 0.046004 0.541392 0.291938 1.173990
1.940364 1.059636 0.059636 0.940364 1.807915 0.878126 1.195699 0.891059 1.219602 1.904850 1.018642 0.379764 1.388370 1.664037 1.774639 0.802362 1.818285 1.370962 1.372207 1.694680 0.988284 0.449628 1.196973 1.408508 1.548217 0.000000 0.883003 1.778572 1.356850 1.822857 1.667395 1.874086 1.825148 0.188296 1.960378 1.839666 1.594221 1.006824 1.256278 0.374227
1.176633 0.176633 0.823367 1.823367 0.924912 1.761129 0.312696 1.774061 0.336600 1.212148 0.135639 0.503239 0.505368 0.781035 1.342358 1.685365 1.298713 0.487959 1.744791 0.811677 0.105282 0.433375 0.313970 0.525505 0.665214 0.883003 0.000000 0.895569 0.473848 1.294140 0.784393 1.242912 1.291850 0.694707 1.077376 0.956664 0.711218 0.123822 0.373276 0.508776
0.281064 0.718936 1.718936 1.281064 0.029343 1.343302 0.582873 1.330369 0.558970 0.316578 0.759930 1.398808 0.390202 0.114535 0.446789 1.419066 0.403143 0.407610 0.849221 0.083892 0.790288 1.328944 0.581599 0.370064 0.230355 1.778572 0.895569 0.000000 0.421722 0.398571 0.111177 0.347342 0.396280 1.590276 0.181806 0.061094 0.184351 0.771748 0.522294 1.404345
0.702786 0.297214 1.297214 1.702786 0.451065 1.765024 0.161151 1.752091 0.137248 0.738300 0.338208 0.977086 0.031520 0.307187 0.868511 1.840788 0.824865 0.014111 1.270943 0.337830 0.368566 0.907222 0.159877 0.051658 0.191366 1.356850 0.473848 0.421722 0.000000 0.820293 0.310545 0.769064 0.818002 1.168554 0.603528 0.482816 0.237370 0.350026 0.100572 0.982624
0.117507 1.117507 1.882493 0.882493 0.369228 0.944731 0.981444 0.931798 0.957541 0.081993 1.158501 1.797379 0.788772 0.513106 0.048218 1.020495 0.004573 0.806181 0.450650 0.482463 1.188859 1.727515 0.980170 0.768635 0.628926 1.822857 1.294140 0.398571 0.820293 0.000000 0.509748 0.051229 0.002290 1.988847 0.216765 0.337477 0.582922 1.170319 0.920865 1.802916
0.392241 0.607759 1.607759 1.392241 0.140520 1.454479 0.471696 1.441546 0.447793 0.427755 0.648753 1.287631 0.279025 0.003358 0.557966 1.530242 0.514320 0.296434 0.960398 0.027285 0.679111 1.217768 0.470422 0.258887 0.119179 1.667395 0.784393 0.111177 0.310545 0.509748 0.000000 0.458519 0.507457 1.479099 0.292983 0.172271 0.073175 0.660571 0.411117 1.293169
0.066278 1.066278 1.933722 0.933722 0.317999 0.995960 0.930215 0.983027 0.906312 0.030764 1.107272 1.746150 0.737544 0.461877 0.099447 1.071723 0.055801 0.754953 0.501879 0.431234 1.137630 1.676287 0.928941 0.717406 0.577698 1.874086 1.242912 0.347342 0.769064 0.051229 0.458519 0.000000 0.048938 1.937618 0.165536 0.286248 0.531694 1.119090 0.869636 1.751688
0.115217 1.115217 1.884783 0.884783 0.366938 0.947021 0.979154 0.934089 0.955250 0.079702 1.156210 1.795089 0.786482 0.510815 0.050508 1.022785 0.006863 0.803891 0.452941 0.480173 1.186568 1.725225 0.977880 0.766345 0.626636 1.825148 1.291850 0.396280 0.818002 0.002290 0.507457 0.048938 0.000000 1.986557 0.214474 0.335186 0.580632 1.168028 0.918574 1.800626
1.871340 0.871340 0.128660 1.128660 1.619619 1.066422 1.007403 1.079354 1.031307 1.906854 0.830346 0.191468 1.200075 1.475742 1.962935 0.990658 1.993420 1.182666 1.560503 1.506384 0.799989 0.261332 1.008677 1.220212 1.359921 0.188296 0.694707 1.590276 1.168554 1.988847 1.479099 1.937618 1.986557 0.000000 1.772083 1.651371 1.405925 0.818529 1.067982 0.185931
0.099258 0.900742 1.900742 1.099258 0.152464 1.161496 0.764679 1.148563 0.740776 0.134772 0.941736 1.580614 0.572008 0.296341 0.264983 1.237259 0.221337 0.589417 0.667415 0.265698 0.972094 1.510751 0.763405 0.551870 0.412162 1.960378 1.077376 0.181806 0.603528 0.216765 0.292983 0.165536 0.214474 1.772083 0.000000 0.120712 0.366158 0.953554 0.704100 1.586152
0.219970 0.780030 1.780030 1.219970 0.031752 1.282207 0.643968 1.269275 0.620064 0.255484 0.821024 1.459902 0.451296 0.175629 0.385695 1.357971 0.342049 0.468705 0.788127 0.144986 0.851382 1.390039 0.642693 0.431158 0.291450 1.839666 0.956664 0.061094 0.482816 0.337477 0.172271 0.286248 0.335186 1.651371 0.120712 0.000000 0.245446 0.832842 0.583388 1.465440
0.465415 0.534585 1.534585 1.465415 0.213694 1.527653 0.398522 1.514721 0.374618 0.500930 0.575579 1.214457 0.205850 0.069817 0.631140 1.603417 0.587495 0.223259 1.033573 0.100459 0.605936 1.144593 0.397248 0.185713 0.046004 1.594221 0.711218 0.184351 0.237370 0.582922 0.073175 0.531694 0.580632 1.405925 0.366158 0.245446 0.000000 0.587396 0.337942 1.219994
1.052812 0.052812 0.947188 1.947188 0.801090 1.884951 0.188874 1.897883 0.212778 1.088326 0.011818 0.627060 0.381546 0.657213 1.218537 1.809187 1.174891 0.364137 1.620969 0.687856 0.018540 0.557197 0.190149 0.401684 0.541392 1.006824 0.123822 0.771748 0.350026 1.170319 0.660571 1.119090 1.168028 0.818529 0.953554 0.832842 0.587396 0.000000 0.249454 0.632598
0.803358 0.196642 1.196642 1.803358 0.551637 1.865596 0.060579 1.852663 0.036676 0.838872 0.237636 0.876514 0.132092 0.407759 0.969083 1.941360 0.925437 0.114684 1.371515 0.438402 0.267994 0.806650 0.059305 0.152230 0.291938 1.256278 0.373276 0.522294 0.100572 0.920865 0.411117 0.869636 0.918574 1.067982 0.704100 0.583388 0.337942 0.249454 0.000000 0.882052
1.685409 0.685409 0.314591 1.314591 1.433688 1.252353 0.821472 1.265285 0.845376 1.720924 0.644416 0.005537 1.014144 1.289811 1.851134 1.176589 1.807489 0.996735 1.746433 1.320453 0.614058 0.075401 0.822746 1.034281 1.173990 0.374227 0.508776 1.404345 0.982624 1.802916 1.293169 1.751688 1.800626 0.185931 1.586152 1.465440 1.219994 0.632598 0.882052 0.000000
