35
0.000000 1.000000 2.000000 1.000000 0.392624 0.401951 0.565870 0.931740 0.149320 1.986862 1.135769 1.941630 1.027244 1.079039 1.720464 0.499709 0.711839 0.260106 0.939015 1.817570 0.077411 0.545651 0.349462 0.877153 0.041332 0.497654 1.229680 0.856583 0.005008 0.116181 1.383459 0.940585 0.027329 0.057325 0.448293
1.000000 0.000000 1.000000 2.000000 1.392624 0.598049 1.565870 0.068260 1.149320 0.986862 0.135769 1.058370 1.972756 0.079039 0.720464 0.500291 1.711839 0.739894 0.060985 0.817570 1.077411 1.545651 0.650538 0.122847 0.958668 0.502346 1.770320 1.856583 0.994992 1.116181 0.383459 1.940585 0.972671 1.057325 0.551707
2.000000 1.000000 0.000000 1.000000 1.607376 1.598049 1.434130 1.068260 1.850680 0.013138 0.864231 0.058370 0.972756 0.920961 0.279536 1.500291 1.288161 1.739894 1.060985 0.182430 1.922589 1.454349 1.650538 1.122847 1.958668 1.502346 0.770320 1.143417 1.994992 1.883819 0.616541 1.059415 1.972671 1.942675 1.551707
1.000000 2.000000 1.000000 0.000000 0.607376 1.401951 0.434130 1.931740 0.850680 1.013138 1.864231 0.941630 0.027244 1.920961 1.279536 1.499709 0.288161 1.260106 1.939015 1.182430 0.922589 0.454349 1.349462 1.877153 1.041332 1.497654 0.229680 0.143417 1.005008 0.883819 1.616541 0.059415 1.027329 0.942675 1.448293
0.392624 1.392624 1.607376 0.607376 0.000000 0.794575 0.173245 1.324364 0.243304 1.620513 1.528393 1.549006 0.634619 1.471663 1.886912 0.892333 0.319215 0.652730 1.331639 1.789806 0.315213 0.153027 0.742086 1.269777 0.433956 0.890278 0.837056 0.463958 0.397632 0.276443 1.776083 0.547961 0.419953 0.335299 0.840917
0.401951 0.598049 1.598049 1.401951 0.794575 0.000000 0.967820 0.529789 0.551270 1.584912 0.733818 1.656419 1.429194 0.677089 1.318513 0.097758 1.113790 0.141844 0.537064 1.415619 0.479362 0.947601 0.052489 0.475203 0.360619 0.095703 1.631631 1.258533 0.396943 0.518132 0.981508 1.342535 0.374622 0.459276 0.046342
0.565870 1.565870 1.434130 0.434130 0.173245 0.967820 0.000000 1.497610 0.416550 1.447268 1.701638 1.375761 0.461374 1.644909 1.713667 1.065578 0.145970 0.825976 1.504885 1.616560 0.488458 0.020219 0.915332 1.443023 0.607201 1.063523 0.663811 0.290713 0.570877 0.449688 1.949329 0.374715 0.593198 0.508544 1.014162
0.931740 0.068260 1.068260 1.931740 1.324364 0.529789 1.497610 0.000000 1.081060 1.055122 0.204029 1.126630 1.958984 0.147299 0.788724 0.432031 1.643579 0.671634 0.007275 0.885830 1.009151 1.477391 0.582278 0.054587 0.890408 0.434086 1.838580 1.788323 0.926732 1.047921 0.451719 1.872325 0.904411 0.989065 0.483447
0.149320 1.149320 1.850680 0.850680 0.243304 0.551270 0.416550 1.081060 0.000000 1.863818 1.285089 1.792311 0.877924 1.228359 1.869784 0.649028 0.562520 0.409426 1.088335 1.966890 0.071909 0.396331 0.498782 1.026473 0.190651 0.646973 1.080360 0.707263 0.154327 0.033138 1.532779 0.791265 0.176649 0.091994 0.597613
1.986862 0.986862 0.013138 1.013138 1.620513 1.584912 1.447268 1.055122 1.863818 0.000000 0.851094 0.071507 0.985894 0.907823 0.266399 1.487154 1.301298 1.726756 1.047847 0.169293 1.935726 1.467487 1.637401 1.109709 1.945531 1.489209 0.783457 1.156555 1.981855 1.896956 0.603403 1.072553 1.959534 1.955812 1.538570
1.135769 0.135769 0.864231 1.864231 1.528393 0.733818 1.701638 0.204029 1.285089 0.851094 0.000000 0.922601 1.836988 0.056730 0.584695 0.636060 1.847608 0.875663 0.196754 0.681801 1.213180 1.681419 0.786307 0.258616 1.094437 0.638115 1.634551 1.992351 1.130761 1.251950 0.247690 1.923646 1.108440 1.193094 0.687476
1.941630 1.058370 0.058370 0.941630 1.549006 1.656419 1.375761 1.126630 1.792311 0.071507 0.922601 0.000000 0.914387 0.979331 0.337906 1.558661 1.229791 1.798264 1.119355 0.240800 1.864219 1.395980 1.708908 1.181216 1.982962 1.560716 0.711950 1.085048 1.946638 1.825449 0.674911 1.001045 1.968959 1.884305 1.610077
1.027244 1.972756 0.972756 0.027244 0.634619 1.429194 0.461374 1.958984 0.877924 0.985894 1.836988 0.914387 0.000000 1.893717 1.252292 1.526952 0.315404 1.287350 1.966259 1.155186 0.949832 0.481593 1.376706 1.904397 1.068575 1.524897 0.202436 0.170661 1.032251 0.911062 1.589297 0.086659 1.054573 0.969918 1.475536
1.079039 0.079039 0.920961 1.920961 1.471663 0.677089 1.644909 0.147299 1.228359 0.907823 0.056730 0.979331 1.893717 0.000000 0.641425 0.579331 1.790878 0.818933 0.140024 0.738531 1.156450 1.624690 0.729577 0.201886 1.037708 0.581386 1.691281 1.935622 1.074032 1.195221 0.304420 1.980376 1.051710 1.136365 0.630746
1.720464 0.720464 0.279536 1.279536 1.886912 1.318513 1.713667 0.788724 1.869784 0.266399 0.584695 0.337906 1.252292 0.641425 0.000000 1.220755 1.567697 1.460358 0.781449 0.097106 1.797875 1.733885 1.371002 0.843311 1.679132 1.222810 1.049856 1.422954 1.715456 1.836645 0.337005 1.338951 1.693135 1.777789 1.272171
0.499709 0.500291 1.500291 1.499709 0.892333 0.097758 1.065578 0.432031 0.649028 1.487154 0.636060 1.558661 1.526952 0.579331 1.220755 0.000000 1.211548 0.239602 0.439306 1.317861 0.577120 1.045359 0.150247 0.377445 0.458377 0.002055 1.729389 1.356291 0.494701 0.615890 0.883751 1.440293 0.472380 0.557034 0.051416
0.711839 1.711839 1.288161 0.288161 0.319215 1.113790 0.145970 1.643579 0.562520 1.301298 1.847608 1.229791 0.315404 1.790878 1.567697 1.211548 0.000000 0.971945 1.650854 1.470591 0.634428 0.166189 1.061301 1.588992 0.753171 1.209493 0.517841 0.144743 0.716847 0.595658 1.904702 0.228746 0.739168 0.654514 1.160132
0.260106 0.739894 1.739894 1.260106 0.652730 0.141844 0.825976 0.671634 0.409426 1.726756 0.875663 1.798264 1.287350 0.818933 1.460358 0.239602 0.971945 0.000000 0.678909 1.557464 0.337517 0.805757 0.089356 0.617047 0.218775 0.237547 1.489786 1.116689 0.255099 0.376288 1.123353 1.200691 0.232777 0.317432 0.188187
0.939015 0.060985 1.060985 1.939015 1.331639 0.537064 1.504885 0.007275 1.088335 1.047847 0.196754 1.119355 1.966259 0.140024 0.781449 0.439306 1.650854 0.678909 0.000000 0.878555 1.016426 1.484666 0.589553 0.061862 0.897683 0.441361 1.831305 1.795598 0.934008 1.055196 0.444444 1.879600 0.911686 0.996340 0.490722
1.817570 0.817570 0.182430 1.182430 1.789806 1.415619 1.616560 0.885830 1.966890 0.169293 0.681801 0.240800 1.155186 0.738531 0.097106 1.317861 1.470591 1.557464 0.878555 0.000000 1.894981 1.636779 1.468108 0.940417 1.776238 1.319916 0.952750 1.325848 1.812562 1.933751 0.434111 1.241845 1.790241 1.874895 1.369277
0.077411 1.077411 1.922589 0.922589 0.315213 0.479362 0.488458 1.009151 0.071909 1.935726 1.213180 1.864219 0.949832 1.156450 1.797875 0.577120 0.634428 0.337517 1.016426 1.894981 0.000000 0.468240 0.426873 0.954564 0.118743 0.575065 1.152269 0.779171 0.082419 0.038770 1.460870 0.863174 0.104740 0.020086 0.525704
0.545651 1.545651 1.454349 0.454349 0.153027 0.947601 0.020219 1.477391 0.396331 1.467487 1.681419 1.395980 0.481593 1.624690 1.733885 1.045359 0.166189 0.805757 1.484666 1.636779 0.468240 0.000000 0.895113 1.422804 0.586982 1.043304 0.684029 0.310932 0.550658 0.429469 1.929110 0.394934 0.572980 0.488325 0.993944
0.349462 0.650538 1.650538 1.349462 0.742086 0.052489 0.915332 0.582278 0.498782 1.637401 0.786307 1.708908 1.376706 0.729577 1.371002 0.150247 1.061301 0.089356 0.589553 1.468108 0.426873 0.895113 0.000000 0.527691 0.308130 0.148192 1.579142 1.206044 0.344454 0.465643 1.033997 1.290047 0.322133 0.406787 0.098831
0.877153 0.122847 1.122847 1.877153 1.269777 0.475203 1.443023 0.054587 1.026473 1.109709 0.258616 1.181216 1.904397 0.201886 0.843311 0.377445 1.588992 0.617047 0.061862 0.940417 0.954564 1.422804 0.527691 0.000000 0.835822 0.379500 1.893167 1.733736 0.872146 0.993335 0.506306 1.817738 0.849824 0.934479 0.428860
0.041332 0.958668 1.958668 1.041332 0.433956 0.360619 0.607201 0.890408 0.190651 1.945531 1.094437 1.982962 1.068575 1.037708 1.679132 0.458377 0.753171 0.218775 0.897683 1.776238 0.118743 0.586982 0.308130 0.835822 0.000000 0.456322 1.271012 0.897914 0.036324 0.157513 1.342127 0.981916 0.014003 0.098657 0.406961
0.497654 0.502346 1.502346 1.497654 0.890278 0.095703 1.063523 0.434086 0.646973 1.489209 0.638115 1.560716 1.524897 0.581386 1.222810 0.002055 1.209493 0.237547 0.441361 1.319916 0.575065 1.043304 0.148192 0.379500 0.456322 0.000000 1.727334 1.354236 0.492646 0.613835 0.885805 1.438238 0.470325 0.554979 0.049361
1.229680 1.770320 0.770320 0.229680 0.837056 1.631631 0.663811 1.838580 1.080360 0.783457 1.634551 0.711950 0.202436 1.691281 1.049856 1.729389 0.517841 1.489786 1.831305 0.952750 1.152269 0.684029 1.579142 1.893167 1.271012 1.727334 0.000000 0.373098 1.234688 1.113499 1.386861 0.289095 1.257009 1.172355 1.677973
0.856583 1.856583 1.143417 0.143417 0.463958 1.258533 0.290713 1.788323 0.707263 1.156555 1.992351 1.085048 0.170661 1.935622 1.422954 1.356291 0.144743 1.116689 1.795598 1.325848 0.779171 0.310932 1.206044 1.733736 0.897914 1.354236 0.373098 0.000000 0.861590 0.740401 1.759958 0.084002 0.883911 0.799257 1.304875
0.005008 0.994992 1.994992 1.005008 0.397632 0.396943 0.570877 0.926732 0.154327 1.981855 1.130761 1.946638 1.032251 1.074032 1.715456 0.494701 0.716847 0.255099 0.934008 1.812562 0.082419 0.550658 0.344454 0.872146 0.036324 0.492646 1.234688 0.861590 0.000000 0.121189 1.378452 0.945592 0.022321 0.062333 0.443285
0.116181 1.116181 1.883819 0.883819 0.276443 0.518132 0.449688 1.047921 0.033138 1.896956 1.251950 1.825449 0.911062 1.195221 1.836645 0.615890 0.595658 0.376288 1.055196 1.933751 0.038770 0.429469 0.465643 0.993335 0.157513 0.613835 1.113499 0.740401 0.121189 0.000000 1.499640 0.824403 0.143510 0.058856 0.564474
1.383459 0.383459 0.616541 1.616541 1.776083 0.981508 1.949329 0.451719 1.532779 0.603403 0.247690 0.674911 1.589297 0.304420 0.337005 0.883751 1.904702 1.123353 0.444444 0.434111 1.460870 1.929110 1.033997 0.506306 1.342127 0.885805 1.386861 1.759958 1.378452 1.499640 0.000000 1.675956 1.356130 1.440784 0.935166
0.940585 1.940585 1.059415 0.059415 0.547961 1.342535 0.374715 1.872325 0.791265 1.072553 1.923646 1.001045 0.086659 1.980376 1.338951 1.440293 0.228746 1.200691 1.879600 1.241845 0.863174 0.394934 1.290047 1.817738 0.981916 1.438238 0.289095 0.084002 0.945592 0.824403 1.675956 0.000000 0.967914 0.883260 1.388878
0.027329 0.972671 1.972671 1.027329 0.419953 0.374622 0.593198 0.904411 0.176649 1.959534 1.108440 1.968959 1.054573 1.051710 1.693135 0.472380 0.739168 0.232777 0.911686 1.790241 0.104740 0.572980 0.322133 0.849824 0.014003 0.470325 1.257009 0.883911 0.022321 0.143510 1.356130 0.967914 0.000000 0.084654 0.420964
0.057325 1.057325 1.942675 0.942675 0.335299 0.459276 0.508544 0.989065 0.091994 1.955812 1.193094 1.884305 0.969918 1.136365 1.777789 0.557034 0.654514 0.317432 0.996340 1.874895 0.020086 0.488325 0.406787 0.934479 0.098657 0.554979 1.172355 0.799257 0.062333 0.058856 1.440784 0.883260 0.084654 0.000000 0.505618
0.448293 0.551707 1.551707 1.448293 0.840917 0.046342 1.014162 0.483447 0.597613 1.538570 0.687476 1.610077 1.475536 0.630746 1.272171 0.051416 1.160132 0.188187 0.490722 1.369277 0.525704 0.993944 0.098831 0.428860 0.406961 0.049361 1.677973 1.304875 0.443285 0.564474 0.935166 1.388878 0.420964 0.505618 0.000000
