50
0.000000 1.000000 2.000000 1.000000 1.202592 1.828121 1.955529 0.940013 0.246175 0.395582 0.332999 0.934971 1.639820 0.287798 1.545579 1.860619 0.205150 1.670983 0.478620 1.760488 0.997245 1.305486 1.102940 1.717402 0.958665 0.699564 1.976380 1.869393 0.244540 1.363398 0.172915 1.154240 1.490699 0.937940 1.587699 0.276996 1.643878 1.760731 1.016067 1.185154 0.909708 1.176794 1.964061 0.593835 0.089213 1.759218 1.390155 1.589464 0.685677 1.814535
1.000000 0.000000 1.000000 2.000000 0.202592 1.171879 1.044471 0.059987 1.246175 0.604418 0.667001 0.065029 0.639820 1.287798 0.545579 1.139381 0.794850 1.329017 0.521380 1.239512 1.997245 1.694514 1.897060 1.282598 1.958665 1.699564 1.023620 1.130607 1.244540 1.636602 1.172915 0.154240 1.509301 1.937940 0.587699 0.723004 0.643878 0.760731 1.983933 1.814846 1.909708 0.176794 1.035939 0.406165 1.089213 1.240782 0.390155 0.589464 0.314323 0.814535
2.000000 1.000000 0.000000 1.000000 0.797408 0.171879 0.044471 1.059987 1.753825 1.604418 1.667001 1.065029 0.360180 1.712202 0.454421 0.139381 1.794850 0.329017 1.521380 0.239512 1.002755 0.694514 0.897060 0.282598 1.041335 1.300436 0.023620 0.130607 1.755460 0.636602 1.827085 0.845760 0.509301 1.062060 0.412301 1.723004 0.356122 0.239269 0.983933 0.814846 1.090292 0.823206 0.035939 1.406165 1.910787 0.240782 0.609845 0.410536 1.314323 0.185465
1.000000 2.000000 1.000000 0.000000 1.797408 0.828121 0.955529 1.940013 0.753825 1.395582 1.332999 1.934971 1.360180 0.712202 1.454421 0.860619 1.205150 0.670983 1.478620 0.760488 0.002755 0.305486 0.102940 0.717402 0.041335 0.300436 0.976380 0.869393 0.755460 0.363398 0.827085 1.845760 0.490699 0.062060 1.412301 1.276996 1.356122 1.239269 0.016067 0.185154 0.090292 1.823206 0.964061 1.593835 0.910787 0.759218 1.609845 1.410536 1.685677 1.185465
1.202592 0.202592 0.797408 1.797408 0.000000 0.969288 0.841879 0.262578 1.448767 0.807010 0.869592 0.267621 0.437229 1.490390 0.342988 0.936789 0.997441 1.126425 0.723972 1.036920 1.800163 1.491922 1.694468 1.080006 1.838743 1.902156 0.821029 0.928015 1.447132 1.434011 1.375507 0.048351 1.306709 1.859468 0.385107 0.925595 0.441286 0.558139 1.781341 1.612255 1.887700 0.025798 0.833347 0.608757 1.291805 1.038191 0.187564 0.386873 0.516915 0.611944
1.828121 1.171879 0.171879 0.828121 0.969288 0.000000 0.127409 1.231866 1.581945 1.776298 1.838880 1.236909 0.532059 1.540322 0.626300 0.032498 1.966729 0.157137 1.693259 0.067632 0.830875 0.522634 0.725180 0.110718 0.869455 1.128556 0.148259 0.041273 1.583581 0.464723 1.655205 1.017639 0.337421 0.890180 0.584180 1.894883 0.528002 0.411149 0.812054 0.642967 0.918412 0.995086 0.135940 1.578045 1.738907 0.068903 0.781724 0.582415 1.486203 0.357344
1.955529 1.044471 0.044471 0.955529 0.841879 0.127409 0.000000 1.104457 1.709354 1.648889 1.711472 1.109500 0.404650 1.667731 0.498891 0.094910 1.839320 0.284546 1.565851 0.195041 0.958284 0.650043 0.852589 0.238127 0.996864 1.255965 0.020850 0.086136 1.710989 0.592132 1.782614 0.890230 0.464830 1.017589 0.456772 1.767474 0.400593 0.283740 0.939462 0.770375 1.045821 0.867677 0.008532 1.450636 1.866316 0.196312 0.654315 0.455006 1.358794 0.229935
0.940013 0.059987 1.059987 1.940013 0.262578 1.231866 1.104457 0.000000 1.186188 0.544432 0.607014 0.005042 0.699807 1.227812 0.605566 1.199368 0.734863 1.389003 0.461393 1.299498 1.937259 1.754500 1.957046 1.342584 1.898678 1.639578 1.083607 1.190593 1.184553 1.696589 1.112928 0.214227 1.569288 1.877954 0.647686 0.663017 0.703864 0.820717 1.956080 1.874833 1.849722 0.236780 1.095926 0.346179 1.029227 1.300769 0.450142 0.649451 0.254336 0.874522
0.246175 1.246175 1.753825 0.753825 1.448767 1.581945 1.709354 1.186188 0.000000 0.641757 0.579174 1.181146 1.885995 0.041623 1.791755 1.614444 0.451325 1.424808 0.724795 1.514313 0.751070 1.059311 0.856765 1.471227 0.712490 0.453389 1.730204 1.623218 0.001635 1.117223 0.073260 1.400415 1.244524 0.691765 1.833874 0.523171 1.890053 1.993094 0.769892 0.938979 0.663533 1.422969 1.717886 0.840010 0.156962 1.513043 1.636330 1.835640 0.931852 1.939289
0.395582 0.604418 1.604418 1.395582 0.807010 1.776298 1.648889 0.544432 0.641757 0.000000 0.062583 0.539389 1.244239 0.683380 1.149998 1.743799 0.190431 1.933435 0.083038 1.843930 1.392827 1.701068 1.498522 1.887016 1.354247 1.095146 1.628039 1.735025 0.640122 1.758980 0.568497 0.758659 1.886281 1.333522 1.192117 0.118586 1.248296 1.365149 1.411649 1.580736 1.305290 0.781212 1.640357 0.198253 0.484795 1.845201 0.994573 1.193883 0.290095 1.418954
0.332999 0.667001 1.667001 1.332999 0.869592 1.838880 1.711472 0.607014 0.579174 0.062583 0.000000 0.601972 1.306821 0.620797 1.212580 1.806382 0.127849 1.996018 0.145621 1.906512 1.330245 1.638485 1.435939 1.949599 1.291664 1.032564 1.690621 1.797607 0.577539 1.696397 0.505914 0.821241 1.823698 1.270939 1.254700 0.056003 1.310879 1.427732 1.349066 1.518153 1.242708 0.843794 1.702940 0.260836 0.422213 1.907783 1.057156 1.256465 0.352678 1.481536
0.934971 0.065029 1.065029 1.934971 0.267621 1.236909 1.109500 0.005042 1.181146 0.539389 0.601972 0.000000 0.704850 1.222769 0.610609 1.204410 0.729821 1.394046 0.456351 1.304541 1.932216 1.759543 1.962089 1.347627 1.893636 1.634535 1.088650 1.195636 1.179511 1.701631 1.107886 0.219269 1.574330 1.872911 0.652728 0.657975 0.708907 0.825760 1.951038 1.879875 1.844679 0.241823 1.100968 0.341136 1.024184 1.305811 0.455184 0.654494 0.249294 0.879565
1.639820 0.639820 0.360180 1.360180 0.437229 0.532059 0.404650 0.699807 1.885995 1.244239 1.306821 0.704850 0.000000 1.927619 0.094241 0.499561 1.434670 0.689196 1.161200 0.599691 1.362934 1.054693 1.257239 0.642777 1.401515 1.660615 0.383800 0.490786 1.884360 0.996782 1.812736 0.485580 0.869480 1.422239 0.052121 1.362824 0.004057 0.120910 1.344113 1.175026 1.450471 0.463027 0.396119 1.045986 1.729034 0.600962 0.249665 0.050356 0.954144 0.174715
0.287798 1.287798 1.712202 0.712202 1.490390 1.540322 1.667731 1.227812 0.041623 0.683380 0.620797 1.222769 1.927619 0.000000 1.833378 1.572821 0.492949 1.383185 0.766418 1.472690 0.709447 1.017688 0.815142 1.429604 0.670867 0.411766 1.688581 1.581595 0.043258 1.075599 0.114883 1.442039 1.202901 0.650142 1.875497 0.564795 1.931676 1.951471 0.728269 0.897356 0.621910 1.464592 1.676263 0.881633 0.198585 1.471419 1.677954 1.877263 0.973475 1.897666
1.545579 0.545579 0.454421 1.454421 0.342988 0.626300 0.498891 0.605566 1.791755 1.149998 1.212580 0.610609 0.094241 1.833378 0.000000 0.593802 1.340429 0.783437 1.066960 0.693932 1.457175 1.148934 1.351480 0.737018 1.495755 1.754856 0.478041 0.585027 1.790119 1.091023 1.718495 0.391339 0.963721 1.516480 0.042120 1.268583 0.098298 0.215151 1.438354 1.269267 1.544712 0.368786 0.490360 0.951745 1.634793 0.695203 0.155424 0.043885 0.859903 0.268956
1.860619 1.139381 0.139381 0.860619 0.936789 0.032498 0.094910 1.199368 1.614444 1.743799 1.806382 1.204410 0.499561 1.572821 0.593802 0.000000 1.934231 0.189636 1.660761 0.100131 0.863374 0.555133 0.757679 0.143217 0.901954 1.161054 0.115761 0.008774 1.616079 0.497221 1.687704 0.985141 0.369920 0.922679 0.551682 1.862385 0.495503 0.378650 0.844552 0.675465 0.950910 0.962588 0.103442 1.545546 1.771406 0.101401 0.749226 0.549917 1.453704 0.324846
0.205150 0.794850 1.794850 1.205150 0.997441 1.966729 1.839320 0.734863 0.451325 0.190431 0.127849 0.729821 1.434670 0.492949 1.340429 1.934231 0.000000 1.876134 0.273470 1.965639 1.202396 1.510637 1.308091 1.922552 1.163815 0.904715 1.818470 1.925456 0.449690 1.568548 0.378065 0.949090 1.695849 1.143091 1.382549 0.071846 1.438727 1.555580 1.221217 1.390304 1.114859 0.971643 1.830789 0.388685 0.294364 1.964368 1.185005 1.384314 0.480527 1.609385
1.670983 1.329017 0.329017 0.670983 1.126425 0.157137 0.284546 1.389003 1.424808 1.933435 1.996018 1.394046 0.689196 1.383185 0.783437 0.189636 1.876134 0.000000 1.850397 0.089505 0.673738 0.365497 0.568043 0.046419 0.712318 0.971419 0.305396 0.198410 1.426443 0.307586 1.498068 1.174776 0.180284 0.733043 0.741318 1.947979 0.685139 0.568286 0.654916 0.485829 0.761275 1.152223 0.293078 1.735182 1.581770 0.088234 0.938861 0.739552 1.643340 0.514481
0.478620 0.521380 1.521380 1.478620 0.723972 1.693259 1.565851 0.461393 0.724795 0.083038 0.145621 0.456351 1.161200 0.766418 1.066960 1.660761 0.273470 1.850397 0.000000 1.760892 1.475865 1.784106 1.581560 1.803978 1.437285 1.178184 1.545001 1.651987 0.723160 1.842018 0.651535 0.675620 1.969319 1.416560 1.109079 0.201624 1.165258 1.282111 1.494687 1.663774 1.388328 0.698174 1.557319 0.115215 0.567833 1.762162 0.911535 1.110845 0.207057 1.335916
1.760488 1.239512 0.239512 0.760488 1.036920 0.067632 0.195041 1.299498 1.514313 1.843930 1.906512 1.304541 0.599691 1.472690 0.693932 0.100131 1.965639 0.089505 1.760892 0.000000 0.763243 0.455002 0.657548 0.043086 0.801823 1.060924 0.215891 0.108905 1.515948 0.397091 1.587573 1.085271 0.269789 0.822548 0.651812 1.962515 0.595634 0.478781 0.744422 0.575335 0.850780 1.062718 0.203572 1.645677 1.671275 0.001271 0.849356 0.650047 1.553835 0.424976
0.997245 1.997245 1.002755 0.002755 1.800163 0.830875 0.958284 1.937259 0.751070 1.392827 1.330245 1.932216 1.362934 0.709447 1.457175 0.863374 1.202396 0.673738 1.475865 0.763243 0.000000 0.308241 0.105695 0.720157 0.038580 0.297681 0.979134 0.872148 0.752705 0.366152 0.824330 1.848514 0.493454 0.059305 1.415056 1.274242 1.358877 1.242024 0.018821 0.187908 0.087537 1.825961 0.966815 1.591080 0.908032 0.761972 1.612599 1.413290 1.682922 1.188219
1.305486 1.694514 0.694514 0.305486 1.491922 0.522634 0.650043 1.754500 1.059311 1.701068 1.638485 1.759543 1.054693 1.017688 1.148934 0.555133 1.510637 0.365497 1.784106 0.455002 0.308241 0.000000 0.202546 0.411916 0.346821 0.605922 0.670893 0.563907 1.060946 0.057911 1.132571 1.540273 0.185213 0.367546 1.106815 1.582482 1.050636 0.933783 0.289419 0.120332 0.395778 1.517720 0.658575 1.899321 1.216273 0.453731 1.304359 1.105049 1.991163 0.879978
1.102940 1.897060 0.897060 0.102940 1.694468 0.725180 0.852589 1.957046 0.856765 1.498522 1.435939 1.962089 1.257239 0.815142 1.351480 0.757679 1.308091 0.568043 1.581560 0.657548 0.105695 0.202546 0.000000 0.614462 0.144275 0.403376 0.873439 0.766453 0.858400 0.260458 0.930025 1.742819 0.387759 0.165000 1.309361 1.379936 1.253182 1.136329 0.086873 0.082214 0.193232 1.720266 0.861121 1.696775 1.013727 0.656277 1.506905 1.307595 1.788617 1.082524
1.717402 1.282598 0.282598 0.717402 1.080006 0.110718 0.238127 1.342584 1.471227 1.887016 1.949599 1.347627 0.642777 1.429604 0.737018 0.143217 1.922552 0.046419 1.803978 0.043086 0.720157 0.411916 0.614462 0.000000 0.758737 1.017838 0.258977 0.151991 1.472862 0.354004 1.544487 1.128357 0.226703 0.779462 0.694899 1.994398 0.638720 0.521867 0.701335 0.532248 0.807694 1.105804 0.246659 1.688763 1.628189 0.041815 0.892443 0.693133 1.596921 0.468062
0.958665 1.958665 1.041335 0.041335 1.838743 0.869455 0.996864 1.898678 0.712490 1.354247 1.291664 1.893636 1.401515 0.670867 1.495755 0.901954 1.163815 0.712318 1.437285 0.801823 0.038580 0.346821 0.144275 0.758737 0.000000 0.259101 1.017714 0.910728 0.714125 0.404733 0.785750 1.887095 0.532034 0.020725 1.453636 1.235661 1.397457 1.280604 0.057402 0.226489 0.048957 1.864541 1.005396 1.552500 0.869452 0.800553 1.651180 1.451870 1.644342 1.226799
0.699564 1.699564 1.300436 0.300436 1.902156 1.128556 1.255965 1.639578 0.453389 1.095146 1.032564 1.634535 1.660615 0.411766 1.754856 1.161054 0.904715 0.971419 1.178184 1.060924 0.297681 0.605922 0.403376 1.017838 0.259101 0.000000 1.276815 1.169829 0.455024 0.663833 0.526649 1.853805 0.791135 0.238376 1.712736 0.976561 1.656558 1.539705 0.316502 0.485589 0.210144 1.876358 1.264496 1.293399 0.610351 1.059653 1.910280 1.710971 1.385241 1.485900
1.976380 1.023620 0.023620 0.976380 0.821029 0.148259 0.020850 1.083607 1.730204 1.628039 1.690621 1.088650 0.383800 1.688581 0.478041 0.115761 1.818470 0.305396 1.545001 0.215891 0.979134 0.670893 0.873439 0.258977 1.017714 1.276815 0.000000 0.106986 1.731840 0.612982 1.803464 0.869380 0.485680 1.038439 0.435921 1.746624 0.379743 0.262890 0.960313 0.791226 1.066671 0.846827 0.012319 1.429786 1.887166 0.217162 0.633465 0.434156 1.337944 0.209085
1.869393 1.130607 0.130607 0.869393 0.928015 0.041273 0.086136 1.190593 1.623218 1.735025 1.797607 1.195636 0.490786 1.581595 0.585027 0.008774 1.925456 0.198410 1.651987 0.108905 0.872148 0.563907 0.766453 0.151991 0.910728 1.169829 0.106986 0.000000 1.624853 0.505996 1.696478 0.976366 0.378694 0.931453 0.542908 1.853610 0.486729 0.369876 0.853326 0.684239 0.959685 0.953813 0.094668 1.536772 1.780180 0.110176 0.740451 0.541142 1.444930 0.316071
0.244540 1.244540 1.755460 0.755460 1.447132 1.583581 1.710989 1.184553 0.001635 0.640122 0.577539 1.179511 1.884360 0.043258 1.790119 1.616079 0.449690 1.426443 0.723160 1.515948 0.752705 1.060946 0.858400 1.472862 0.714125 0.455024 1.731840 1.624853 0.000000 1.118858 0.071625 1.398780 1.246159 0.693400 1.832239 0.521536 1.888418 1.994729 0.771527 0.940614 0.665168 1.421334 1.719521 0.838375 0.155327 1.514678 1.634695 1.834004 0.930217 1.940925
1.363398 1.636602 0.636602 0.363398 1.434011 0.464723 0.592132 1.696589 1.117223 1.758980 1.696397 1.701631 0.996782 1.075599 1.091023 0.497221 1.568548 0.307586 1.842018 0.397091 0.366152 0.057911 0.260458 0.354004 0.404733 0.663833 0.612982 0.505996 1.118858 0.000000 1.190483 1.482362 0.127301 0.425458 1.048903 1.640394 0.992725 0.875872 0.347331 0.178244 0.453689 1.459809 0.600663 1.957233 1.274184 0.395820 1.246447 1.047138 1.950925 0.822067
0.172915 1.172915 1.827085 0.827085 1.375507 1.655205 1.782614 1.112928 0.073260 0.568497 0.505914 1.107886 1.812736 0.114883 1.718495 1.687704 0.378065 1.498068 0.651535 1.587573 0.824330 1.132571 0.930025 1.544487 0.785750 0.526649 1.803464 1.696478 0.071625 1.190483 0.000000 1.327155 1.317784 0.765025 1.760614 0.449911 1.816793 1.933646 0.843152 1.012239 0.736793 1.349709 1.791146 0.766750 0.083702 1.586303 1.563070 1.762380 0.858592 1.987451
1.154240 0.154240 0.845760 1.845760 0.048351 1.017639 0.890230 0.214227 1.400415 0.758659 0.821241 0.219269 0.485580 1.442039 0.391339 0.985141 0.949090 1.174776 0.675620 1.085271 1.848514 1.540273 1.742819 1.128357 1.887095 1.853805 0.869380 0.976366 1.398780 1.482362 1.327155 0.000000 1.355061 1.907819 0.433459 0.877244 0.489637 0.606490 1.829693 1.660606 1.936051 0.022553 0.881699 0.560406 1.243454 1.086542 0.235915 0.435224 0.468563 0.660295
1.490699 1.509301 0.509301 0.490699 1.306709 0.337421 0.464830 1.569288 1.244524 1.886281 1.823698 1.574330 0.869480 1.202901 0.963721 0.369920 1.695849 0.180284 1.969319 0.269789 0.493454 0.185213 0.387759 0.226703 0.532034 0.791135 0.485680 0.378694 1.246159 0.127301 1.317784 1.355061 0.000000 0.552759 0.921602 1.767695 0.865423 0.748570 0.474632 0.305545 0.580991 1.332507 0.473362 1.915466 1.401486 0.268518 1.119146 0.919836 1.823624 0.694765
0.937940 1.937940 1.062060 0.062060 1.859468 0.890180 1.017589 1.877954 0.691765 1.333522 1.270939 1.872911 1.422239 0.650142 1.516480 0.922679 1.143091 0.733043 1.416560 0.822548 0.059305 0.367546 0.165000 0.779462 0.020725 0.238376 1.038439 0.931453 0.693400 0.425458 0.765025 1.907819 0.552759 0.000000 1.474361 1.214936 1.418182 1.301329 0.078127 0.247214 0.028232 1.885266 1.026121 1.531775 0.848727 0.821277 1.671905 1.472595 1.623617 1.247524
1.587699 0.587699 0.412301 1.412301 0.385107 0.584180 0.456772 0.647686 1.833874 1.192117 1.254700 0.652728 0.052121 1.875497 0.042120 0.551682 1.382549 0.741318 1.109079 0.651812 1.415056 1.106815 1.309361 0.694899 1.453636 1.712736 0.435921 0.542908 1.832239 1.048903 1.760614 0.433459 0.921602 1.474361 0.000000 1.310703 0.056179 0.173032 1.396234 1.227147 1.502592 0.410906 0.448240 0.993864 1.676912 0.653083 0.197544 0.001765 0.902022 0.226836
0.276996 0.723004 1.723004 1.276996 0.925595 1.894883 1.767474 0.663017 0.523171 0.118586 0.056003 0.657975 1.362824 0.564795 1.268583 1.862385 0.071846 1.947979 0.201624 1.962515 1.274242 1.582482 1.379936 1.994398 1.235661 0.976561 1.746624 1.853610 0.521536 1.640394 0.449911 0.877244 1.767695 1.214936 1.310703 0.000000 1.366882 1.483735 1.293063 1.462150 1.186705 0.899797 1.758943 0.316839 0.366210 1.963786 1.113159 1.312468 0.408681 1.537539
1.643878 0.643878 0.356122 1.356122 0.441286 0.528002 0.400593 0.703864 1.890053 1.248296 1.310879 0.708907 0.004057 1.931676 0.098298 0.495503 1.438727 0.685139 1.165258 0.595634 1.358877 1.050636 1.253182 0.638720 1.397457 1.656558 0.379743 0.486729 1.888418 0.992725 1.816793 0.489637 0.865423 1.418182 0.056179 1.366882 0.000000 0.116853 1.340055 1.170968 1.446414 0.467084 0.392061 1.050043 1.733091 0.596905 0.253722 0.054413 0.958201 0.170658
1.760731 0.760731 0.239269 1.239269 0.558139 0.411149 0.283740 0.820717 1.993094 1.365149 1.427732 0.825760 0.120910 1.951471 0.215151 0.378650 1.555580 0.568286 1.282111 0.478781 1.242024 0.933783 1.136329 0.521867 1.280604 1.539705 0.262890 0.369876 1.994729 0.875872 1.933646 0.606490 0.748570 1.301329 0.173032 1.483735 0.116853 0.000000 1.223202 1.054115 1.329561 0.583937 0.275208 1.166896 1.849944 0.480052 0.370575 0.171266 1.075054 0.053805
1.016067 1.983933 0.983933 0.016067 1.781341 0.812054 0.939462 1.956080 0.769892 1.411649 1.349066 1.951038 1.344113 0.728269 1.438354 0.844552 1.221217 0.654916 1.494687 0.744422 0.018821 0.289419 0.086873 0.701335 0.057402 0.316502 0.960313 0.853326 0.771527 0.347331 0.843152 1.829693 0.474632 0.078127 1.396234 1.293063 1.340055 1.223202 0.000000 0.169087 0.106358 1.807140 0.947994 1.609902 0.926854 0.743151 1.593778 1.394469 1.701744 1.169398
1.185154 1.814846 0.814846 0.185154 1.612255 0.642967 0.770375 1.874833 0.938979 1.580736 1.518153 1.879875 1.175026 0.897356 1.269267 0.675465 1.390304 0.485829 1.663774 0.575335 0.187908 0.120332 0.082214 0.532248 0.226489 0.485589 0.791226 0.684239 0.940614 0.178244 1.012239 1.660606 0.305545 0.247214 1.227147 1.462150 1.170968 1.054115 0.169087 0.000000 0.275445 1.638053 0.778907 1.778989 1.095940 0.574064 1.424691 1.225382 1.870831 1.000311
0.909708 1.909708 1.090292 0.090292 1.887700 0.918412 1.045821 1.849722 0.663533 1.305290 1.242708 1.844679 1.450471 0.621910 1.544712 0.950910 1.114859 0.761275 1.388328 0.850780 0.087537 0.395778 0.193232 0.807694 0.048957 0.210144 1.066671 0.959685 0.665168 0.453689 0.736793 1.936051 0.580991 0.028232 1.502592 1.186705 1.446414 1.329561 0.106358 0.275445 0.000000 1.913498 1.054352 1.503543 0.820495 0.849509 1.700136 1.500827 1.595385 1.275756
1.176794 0.176794 0.823206 1.823206 0.025798 0.995086 0.867677 0.236780 1.422969 0.781212 0.843794 0.241823 0.463027 1.464592 0.368786 0.962588 0.971643 1.152223 0.698174 1.062718 1.825961 1.517720 1.720266 1.105804 1.864541 1.876358 0.846827 0.953813 1.421334 1.459809 1.349709 0.022553 1.332507 1.885266 0.410906 0.899797 0.467084 0.583937 1.807140 1.638053 1.913498 0.000000 0.859146 0.582959 1.266007 1.063989 0.213362 0.412671 0.491117 0.637742
1.964061 1.035939 0.035939 0.964061 0.833347 0.135940 0.008532 1.095926 1.717886 1.640357 1.702940 1.100968 0.396119 1.676263 0.490360 0.103442 1.830789 0.293078 1.557319 0.203572 0.966815 0.658575 0.861121 0.246659 1.005396 1.264496 0.012319 0.094668 1.719521 0.600663 1.791146 0.881699 0.473362 1.026121 0.448240 1.758943 0.392061 0.275208 0.947994 0.778907 1.054352 0.859146 0.000000 1.442104 1.874847 0.204843 0.645784 0.446475 1.350262 0.221404
0.593835 0.406165 1.406165 1.593835 0.608757 1.578045 1.450636 0.346179 0.840010 0.198253 0.260836 0.341136 1.045986 0.881633 0.951745 1.545546 0.388685 1.735182 0.115215 1.645677 1.591080 1.899321 1.696775 1.688763 1.552500 1.293399 1.429786 1.536772 0.838375 1.957233 0.766750 0.560406 1.915466 1.531775 0.993864 0.316839 1.050043 1.166896 1.609902 1.778989 1.503543 0.582959 1.442104 0.000000 0.683048 1.646948 0.796320 0.995630 0.091842 1.220701
0.089213 1.089213 1.910787 0.910787 1.291805 1.738907 1.866316 1.029227 0.156962 0.484795 0.422213 1.024184 1.729034 0.198585 1.634793 1.771406 0.294364 1.581770 0.567833 1.671275 0.908032 1.216273 1.013727 1.628189 0.869452 0.610351 1.887166 1.780180 0.155327 1.274184 0.083702 1.243454 1.401486 0.848727 1.676912 0.366210 1.733091 1.849944 0.926854 1.095940 0.820495 1.266007 1.874847 0.683048 0.000000 1.670004 1.479369 1.678678 0.774890 1.903749
1.759218 1.240782 0.240782 0.759218 1.038191 0.068903 0.196312 1.300769 1.513043 1.845201 1.907783 1.305811 0.600962 1.471419 0.695203 0.101401 1.964368 0.088234 1.762162 0.001271 0.761972 0.453731 0.656277 0.041815 0.800553 1.059653 0.217162 0.110176 1.514678 0.395820 1.586303 1.086542 0.268518 0.821277 0.653083 1.963786 0.596905 0.480052 0.743151 0.574064 0.849509 1.063989 0.204843 1.646948 1.670004 0.000000 0.850627 0.651318 1.555105 0.426247
1.390155 0.390155 0.609845 1.609845 0.187564 0.781724 0.654315 0.450142 1.636330 0.994573 1.057156 0.455184 0.249665 1.677954 0.155424 0.749226 1.185005 0.938861 0.911535 0.849356 1.612599 1.304359 1.506905 0.892443 1.651180 1.910280 0.633465 0.740451 1.634695 1.246447 1.563070 0.235915 1.119146 1.671905 0.197544 1.113159 0.253722 0.370575 1.593778 1.424691 1.700136 0.213362 0.645784 0.796320 1.479369 0.850627 0.000000 0.199309 0.704478 0.424380
1.589464 0.589464 0.410536 1.410536 0.386873 0.582415 0.455006 0.649451 1.835640 1.193883 1.256465 0.654494 0.050356 1.877263 0.043885 0.549917 1.384314 0.739552 1.110845 0.650047 1.413290 1.105049 1.307595 0.693133 1.451870 1.710971 0.434156 0.541142 1.834004 1.047138 1.762380 0.435224 0.919836 1.472595 0.001765 1.312468 0.054413 0.171266 1.394469 1.225382 1.500827 0.412671 0.446475 0.995630 1.678678 0.651318 0.199309 0.000000 0.903788 0.225071
0.685677 0.314323 1.314323 1.685677 0.516915 1.486203 1.358794 0.254336 0.931852 0.290095 0.352678 0.249294 0.954144 0.973475 0.859903 1.453704 0.480527 1.643340 0.207057 1.553835 1.682922 1.991163 1.788617 1.596921 1.644342 1.385241 1.337944 1.444930 0.930217 1.950925 0.858592 0.468563 1.823624 1.623617 0.902022 0.408681 0.958201 1.075054 1.701744 1.870831 1.595385 0.491117 1.350262 0.091842 0.774890 1.555105 0.704478 0.903788 0.000000 1.128859
1.814535 0.814535 0.185465 1.185465 0.611944 0.357344 0.229935 0.874522 1.939289 1.418954 1.481536 0.879565 0.174715 1.897666 0.268956 0.324846 1.609385 0.514481 1.335916 0.424976 1.188219 0.879978 1.082524 0.468062 1.226799 1.485900 0.209085 0.316071 1.940925 0.822067 1.987451 0.660295 0.694765 1.247524 0.226836 1.537539 0.170658 0.053805 1.169398 1.000311 1.275756 0.637742 0.221404 1.220701 1.903749 0.426247 0.424380 0.225071 1.128859 0.000000
