30
0.000000 1.000000 2.000000 1.000000 0.388645 0.691941 1.774094 0.972777 1.739313 0.069030 0.519134 0.111272 1.715764 0.275338 0.679889 1.302191 0.944059 0.035777 0.041909 1.787806 0.888833 1.939357 1.035907 1.150041 1.091829 1.161324 0.797439 1.683444 1.675687 0.717086
1.000000 0.000000 1.000000 2.000000 1.388645 0.308059 0.774094 1.972777 0.739313 1.069030 1.519134 1.111272 1.284236 1.275338 1.679889 0.302191 0.055941 0.964223 1.041909 1.212194 1.888833 0.939357 1.964093 0.150041 1.908171 0.161324 1.797439 0.683444 0.675687 0.282914
2.000000 1.000000 0.000000 1.000000 1.611355 1.308059 0.225906 1.027223 0.260687 1.930970 1.480866 1.888728 0.284236 1.724662 1.320111 0.697809 1.055941 1.964223 1.958091 0.212194 1.111167 0.060643 0.964093 0.849959 0.908171 0.838676 1.202561 0.316556 0.324313 1.282914
1.000000 2.000000 1.000000 0.000000 0.611355 1.691941 1.225906 0.027223 1.260687 0.930970 0.480866 0.888728 0.715764 0.724662 0.320111 1.697809 1.944059 1.035777 0.958091 0.787806 0.111167 1.060643 0.035907 1.849959 0.091829 1.838676 0.202561 1.316556 1.324313 1.717086
0.388645 1.388645 1.611355 0.611355 0.000000 1.080586 1.837261 0.584132 1.872042 0.319614 0.130489 0.277373 1.327120 0.113307 0.291244 1.690835 1.332704 0.424421 0.346736 1.399162 0.500188 1.671999 0.647262 1.538685 0.703184 1.549968 0.408794 1.927911 1.935668 1.105731
0.691941 0.308059 1.308059 1.691941 1.080586 0.000000 1.082153 1.664717 1.047373 0.760971 1.211075 0.803213 1.592295 0.967278 1.371830 0.610250 0.252118 0.656164 0.733850 1.520253 1.580774 1.247416 1.727848 0.458100 1.783770 0.469383 1.489380 0.991503 0.983747 0.025145
1.774094 0.774094 0.225906 1.225906 1.837261 1.082153 0.000000 1.253129 0.034781 1.843125 1.706772 1.885366 0.510141 1.950568 1.546017 0.471903 0.830035 1.738318 1.816003 0.438099 1.337073 0.165262 1.189999 0.624054 1.134077 0.612771 1.428467 0.090650 0.098407 1.057008
0.972777 1.972777 1.027223 0.027223 0.584132 1.664717 1.253129 0.000000 1.287910 0.903746 0.453643 0.861504 0.742988 0.697439 0.292888 1.725033 1.916836 1.008553 0.930867 0.815030 0.083944 1.087867 0.063130 1.877183 0.119052 1.865900 0.175338 1.343779 1.351536 1.689863
1.739313 0.739313 0.260687 1.260687 1.872042 1.047373 0.034781 1.287910 0.000000 1.808344 1.741553 1.850586 0.544922 1.985349 1.580798 0.437123 0.795254 1.703537 1.781223 0.472880 1.371854 0.200043 1.224780 0.589273 1.168858 0.577990 1.463248 0.055869 0.063626 1.022227
0.069030 1.069030 1.930970 0.930970 0.319614 0.760971 1.843125 0.903746 1.808344 0.000000 0.450104 0.042242 1.646734 0.206307 0.610859 1.371221 1.013090 0.104807 0.027121 1.718776 0.819802 1.991613 0.966877 1.219071 1.022799 1.230354 0.728409 1.752474 1.744718 0.786116
0.519134 1.519134 1.480866 0.480866 0.130489 1.211075 1.706772 0.453643 1.741553 0.450104 0.000000 0.407862 1.196630 0.243796 0.160755 1.821325 1.463193 0.554911 0.477225 1.268672 0.369699 1.541509 0.516773 1.669175 0.572695 1.680458 0.278305 1.797422 1.805179 1.236220
0.111272 1.111272 1.888728 0.888728 0.277373 0.803213 1.885366 0.861504 1.850586 0.042242 0.407862 0.000000 1.604492 0.164065 0.568617 1.413463 1.055331 0.147049 0.069363 1.676534 0.777561 1.949371 0.924635 1.261313 0.980557 1.272596 0.686167 1.794716 1.786960 0.828358
1.715764 1.284236 0.284236 0.715764 1.327120 1.592295 0.510141 0.742988 0.544922 1.646734 1.196630 1.604492 0.000000 1.440427 1.035875 0.982045 1.340176 1.751541 1.673855 0.072042 0.826931 0.344879 0.679857 1.134195 0.623935 1.122912 0.918325 0.600792 0.608548 1.567150
0.275338 1.275338 1.724662 0.724662 0.113307 0.967278 1.950568 0.697439 1.985349 0.206307 0.243796 0.164065 1.440427 0.000000 0.404551 1.577528 1.219397 0.311114 0.233428 1.512469 0.613495 1.785306 0.760569 1.425378 0.816492 1.436661 0.522101 1.958782 1.951025 0.992423
0.679889 1.679889 1.320111 0.320111 0.291244 1.371830 1.546017 0.292888 1.580798 0.610859 0.160755 0.568617 1.035875 0.404551 0.000000 1.982080 1.623948 0.715666 0.637980 1.107917 0.208944 1.380754 0.356018 1.829930 0.411940 1.841213 0.117550 1.636667 1.644424 1.396975
1.302191 0.302191 0.697809 1.697809 1.690835 0.610250 0.471903 1.725033 0.437123 1.371221 1.821325 1.413463 0.982045 1.577528 1.982080 0.000000 0.358131 1.266414 1.344100 0.910003 1.808976 0.637166 1.661902 0.152150 1.605980 0.140867 1.900370 0.381253 0.373497 0.585105
0.944059 0.055941 1.055941 1.944059 1.332704 0.252118 0.830035 1.916836 0.795254 1.013090 1.463193 1.055331 1.340176 1.219397 1.623948 0.358131 0.000000 0.908283 0.985968 1.268134 1.832892 0.995297 1.979966 0.205981 1.964112 0.217264 1.741498 0.739385 0.731628 0.226973
0.035777 0.964223 1.964223 1.035777 0.424421 0.656164 1.738318 1.008553 1.703537 0.104807 0.554911 0.147049 1.751541 0.311114 0.715666 1.266414 0.908283 0.000000 0.077686 1.823583 0.924609 1.903580 1.071684 1.114264 1.127606 1.125547 0.833216 1.647667 1.639911 0.681309
0.041909 1.041909 1.958091 0.958091 0.346736 0.733850 1.816003 0.930867 1.781223 0.027121 0.477225 0.069363 1.673855 0.233428 0.637980 1.344100 0.985968 0.077686 0.000000 1.745897 0.846924 1.981266 0.993998 1.191950 1.049920 1.203233 0.755530 1.725353 1.717597 0.758995
1.787806 1.212194 0.212194 0.787806 1.399162 1.520253 0.438099 0.815030 0.472880 1.718776 1.268672 1.676534 0.072042 1.512469 1.107917 0.910003 1.268134 1.823583 1.745897 0.000000 0.898974 0.272837 0.751899 1.062153 0.695977 1.050870 0.990367 0.528750 0.536506 1.495108
0.888833 1.888833 1.111167 0.111167 0.500188 1.580774 1.337073 0.083944 1.371854 0.819802 0.369699 0.777561 0.826931 0.613495 0.208944 1.808976 1.832892 0.924609 0.846924 0.898974 0.000000 1.171811 0.147074 1.961126 0.202996 1.949844 0.091394 1.427723 1.435480 1.605919
1.939357 0.939357 0.060643 1.060643 1.671999 1.247416 0.165262 1.087867 0.200043 1.991613 1.541509 1.949371 0.344879 1.785306 1.380754 0.637166 0.995297 1.903580 1.981266 0.272837 1.171811 0.000000 1.024736 0.789316 0.968814 0.778033 1.263204 0.255913 0.263669 1.222271
1.035907 1.964093 0.964093 0.035907 0.647262 1.727848 1.189999 0.063130 1.224780 0.966877 0.516773 0.924635 0.679857 0.760569 0.356018 1.661902 1.979966 1.071684 0.993998 0.751899 0.147074 1.024736 0.000000 1.814052 0.055922 1.802769 0.238468 1.280649 1.288406 1.752993
1.150041 0.150041 0.849959 1.849959 1.538685 0.458100 0.624054 1.877183 0.589273 1.219071 1.669175 1.261313 1.134195 1.425378 1.829930 0.152150 0.205981 1.114264 1.191950 1.062153 1.961126 0.789316 1.814052 0.000000 1.758130 0.011283 1.947480 0.533403 0.525647 0.432955
1.091829 1.908171 0.908171 0.091829 0.703184 1.783770 1.134077 0.119052 1.168858 1.022799 0.572695 0.980557 0.623935 0.816492 0.411940 1.605980 1.964112 1.127606 1.049920 0.695977 0.202996 0.968814 0.055922 1.758130 0.000000 1.746847 0.294390 1.224727 1.232483 1.808915
1.161324 0.161324 0.838676 1.838676 1.549968 0.469383 0.612771 1.865900 0.577990 1.230354 1.680458 1.272596 1.122912 1.436661 1.841213 0.140867 0.217264 1.125547 1.203233 1.050870 1.949844 0.778033 1.802769 0.011283 1.746847 0.000000 1.958763 0.522120 0.514364 0.444238
0.797439 1.797439 1.202561 0.202561 0.408794 1.489380 1.428467 0.175338 1.463248 0.728409 0.278305 0.686167 0.918325 0.522101 0.117550 1.900370 1.741498 0.833216 0.755530 0.990367 0.091394 1.263204 0.238468 1.947480 0.294390 1.958763 0.000000 1.519117 1.526874 1.514525
1.683444 0.683444 0.316556 1.316556 1.927911 0.991503 0.090650 1.343779 0.055869 1.752474 1.797422 1.794716 0.600792 1.958782 1.636667 0.381253 0.739385 1.647667 1.725353 0.528750 1.427723 0.255913 1.280649 0.533403 1.224727 0.522120 1.519117 0.000000 0.007757 0.966358
1.675687 0.675687 0.324313 1.324313 1.935668 0.983747 0.098407 1.351536 0.063626 1.744718 1.805179 1.786960 0.608548 1.951025 1.644424 0.373497 0.731628 1.639911 1.717597 0.536506 1.435480 0.263669 1.288406 0.525647 1.232483 0.514364 1.526874 0.007757 0.000000 0.958601
0.717086 0.282914 1.282914 1.717086 1.105731 0.025145 1.057008 1.689863 1.022227 0.786116 1.236220 0.828358 1.567150 0.992423 1.396975 0.585105 0.226973 0.681309 0.758995 1.495108 1.605919 1.222271 1.752993 0.432955 1.808915 0.444238 1.514525 0.966358 0.958601 0.000000
