45
0.000000 1.000000 2.000000 1.000000 1.057563 1.851123 1.026303 1.622465 0.064882 0.505021 1.087872 0.484864 0.827975 1.342466 0.318884 0.439757 0.741649 0.392630 0.752404 0.259883 1.555136 0.501861 0.727764 1.401389 1.466302 0.831374 1.725929 0.793328 1.496673 0.439983 1.481263 1.609825 0.057578 1.585944 1.366083 1.294282 1.256203 0.927740 1.267893 0.438033 1.623495 1.335994 0.544469 0.106070 1.179843
1.000000 0.000000 1.000000 2.000000 1.942437 1.148877 0.026303 1.377535 0.935118 0.494979 0.087872 0.515136 0.172025 1.657534 1.318884 0.560243 0.258351 1.392630 1.752404 0.740117 0.555136 0.498139 1.727764 1.598611 1.533698 1.831374 1.274071 0.206672 1.503327 1.439983 1.518737 1.390175 0.942422 0.585944 0.366083 1.705718 1.743797 1.927740 1.732107 1.438033 1.376505 1.664006 0.455531 1.106070 0.179843
2.000000 1.000000 0.000000 1.000000 0.942437 0.148877 0.973697 0.377535 1.935118 1.494979 0.912128 1.515136 1.172025 0.657534 1.681116 1.560243 1.258351 1.607370 1.247596 1.740117 0.444864 1.498139 1.272236 0.598611 0.533698 1.168626 0.274071 1.206672 0.503327 1.560017 0.518737 0.390175 1.942422 0.414056 0.633917 0.705718 0.743797 1.072260 0.732107 1.561967 0.376505 0.664006 1.455531 1.893930 0.820157
1.000000 2.000000 1.000000 0.000000 0.057563 0.851123 1.973697 0.622465 1.064882 1.505021 1.912128 1.484864 1.827975 0.342466 0.681116 1.439757 1.741649 0.607370 0.247596 1.259883 1.444864 1.501861 0.272236 0.401389 0.466302 0.168626 0.725929 1.793328 0.496673 0.560017 0.481263 0.609825 1.057578 1.414056 1.633917 0.294282 0.256203 0.072260 0.267893 0.561967 0.623495 0.335994 1.544469 0.893930 1.820157
1.057563 1.942437 0.942437 0.057563 0.000000 0.793561 1.916134 0.564903 1.122445 1.562584 1.854565 1.542426 1.885537 0.284904 0.738679 1.497320 1.799212 0.664933 0.305159 1.317446 1.387301 1.559423 0.329799 0.343826 0.408739 0.226189 0.668366 1.850891 0.439110 0.617580 0.423700 0.552262 1.115141 1.356493 1.576355 0.236719 0.198640 0.129823 0.210330 0.619530 0.565932 0.278432 1.602032 0.951493 1.762594
1.851123 1.148877 0.148877 0.851123 0.793561 0.000000 1.122574 0.228658 1.916006 1.643856 1.061005 1.664013 1.320902 0.508657 1.532240 1.709120 1.407228 1.458493 1.098720 1.888994 0.593740 1.647016 1.123359 0.449735 0.384821 1.019750 0.125194 1.355548 0.354451 1.411141 0.369860 0.241299 1.908701 0.562933 0.782794 0.556841 0.594920 0.923384 0.583230 1.413091 0.227629 0.515129 1.604407 1.745053 0.969034
1.026303 0.026303 0.973697 1.973697 1.916134 1.122574 0.000000 1.351232 0.961421 0.521282 0.061569 0.541440 0.198329 1.631231 1.345187 0.586546 0.284654 1.418933 1.778707 0.766420 0.528833 0.524442 1.754067 1.572308 1.507395 1.857677 1.247768 0.232975 1.477024 1.466286 1.492434 1.363872 0.968725 0.559641 0.339779 1.679415 1.717494 1.954043 1.705804 1.464336 1.350202 1.637703 0.481834 1.132373 0.153540
1.622465 1.377535 0.377535 0.622465 0.564903 0.228658 1.351232 0.000000 1.687348 1.872514 1.289663 1.892671 1.549560 0.279999 1.303582 1.937778 1.635886 1.229835 0.870062 1.882348 0.822398 1.875674 0.894701 0.221077 0.156164 0.791092 0.103464 1.584206 0.125793 1.182483 0.141202 0.012641 1.680043 0.791591 1.011452 0.328183 0.366262 0.694726 0.354573 1.184433 0.001029 0.286471 1.833065 1.516395 1.197692
0.064882 0.935118 1.935118 1.064882 1.122445 1.916006 0.961421 1.687348 0.000000 0.440139 1.022990 0.419981 0.763092 1.407349 0.383766 0.374874 0.676767 0.457513 0.817286 0.195001 1.490254 0.436978 0.792647 1.466271 1.531184 0.896256 1.790811 0.728446 1.561555 0.504865 1.546145 1.674707 0.007304 1.521061 1.301200 1.359165 1.321085 0.992622 1.332775 0.502915 1.688377 1.400877 0.479587 0.170952 1.114960
0.505021 0.494979 1.494979 1.505021 1.562584 1.643856 0.521282 1.872514 0.440139 0.000000 0.582851 0.020158 0.322954 1.847487 0.823905 0.065264 0.236628 0.897651 1.257425 0.245138 1.050115 0.003160 1.232785 1.906410 1.971323 1.336395 1.769050 0.288307 1.998306 0.945004 1.986284 1.885154 0.447443 1.080923 0.861062 1.799303 1.761224 1.432761 1.772914 0.943054 1.871484 1.841015 0.039448 0.611091 0.674822
1.087872 0.087872 0.912128 1.912128 1.854565 1.061005 0.061569 1.289663 1.022990 0.582851 0.000000 0.603009 0.259898 1.569662 1.406756 0.648115 0.346223 1.480502 1.840276 0.827989 0.467264 0.586011 1.815636 1.510739 1.445826 1.919246 1.186199 0.294544 1.415455 1.527855 1.430865 1.302303 1.030294 0.498072 0.278210 1.617846 1.655925 1.984388 1.644235 1.525905 1.288633 1.576134 0.543403 1.193942 0.091971
0.484864 0.515136 1.515136 1.484864 1.542426 1.664013 0.541440 1.892671 0.419981 0.020158 0.603009 0.000000 0.343111 1.827330 0.803747 0.045107 0.256785 0.877494 1.237267 0.224981 1.070273 0.016997 1.212628 1.886252 1.951165 1.316237 1.789208 0.308465 1.981536 0.924846 1.966127 1.905312 0.427286 1.101080 0.881219 1.779146 1.741067 1.412603 1.752756 0.922896 1.891642 1.820858 0.059606 0.590934 0.694979
0.827975 0.172025 1.172025 1.827975 1.885537 1.320902 0.198329 1.549560 0.763092 0.322954 0.259898 0.343111 0.000000 1.829559 1.146858 0.388218 0.086326 1.220605 1.580378 0.568092 0.727162 0.326114 1.555739 1.770637 1.705724 1.659348 1.446097 0.034646 1.675353 1.267957 1.690762 1.562201 0.770397 0.757969 0.538108 1.877743 1.915822 1.755714 1.904133 1.266007 1.548531 1.836031 0.283505 0.934045 0.351868
1.342466 1.657534 0.657534 0.342466 0.284904 0.508657 1.631231 0.279999 1.407349 1.847487 1.569662 1.827330 1.829559 0.000000 1.023583 1.782223 1.915885 0.949836 0.590063 1.602349 1.102397 1.844327 0.614702 0.058922 0.123835 0.511093 0.383462 1.864205 0.154206 0.902484 0.138797 0.267358 1.400044 1.071590 1.291451 0.048184 0.086263 0.414727 0.074574 0.904434 0.281028 0.006472 1.886936 1.236396 1.477691
0.318884 1.318884 1.681116 0.681116 0.738679 1.532240 1.345187 1.303582 0.383766 0.823905 1.406756 0.803747 1.146858 1.023583 0.000000 0.758640 1.060533 0.073746 0.433520 0.578767 1.874020 0.820744 0.408880 1.082505 1.147418 0.512490 1.407045 1.112212 1.177789 0.121099 1.162379 1.290941 0.376462 1.904828 1.684966 0.975399 0.937319 0.608856 0.949009 0.119149 1.304611 1.017111 0.863353 0.212814 1.498726
0.439757 0.560243 1.560243 1.439757 1.497320 1.709120 0.586546 1.937778 0.374874 0.065264 0.648115 0.045107 0.388218 1.782223 0.758640 0.000000 0.301892 0.832387 1.192160 0.179874 1.115380 0.062104 1.167521 1.841145 1.906059 1.271130 1.834314 0.353572 1.936430 0.879739 1.921020 1.950419 0.382179 1.146187 0.926326 1.734039 1.695960 1.367496 1.707650 0.877789 1.936749 1.775751 0.104712 0.545827 0.740086
0.741649 0.258351 1.258351 1.741649 1.799212 1.407228 0.284654 1.635886 0.676767 0.236628 0.346223 0.256785 0.086326 1.915885 1.060533 0.301892 0.000000 1.134279 1.494053 0.481766 0.813487 0.239788 1.469413 1.856963 1.792049 1.573022 1.532422 0.051679 1.761678 1.181631 1.777088 1.648526 0.684071 0.844295 0.624434 1.964069 1.997852 1.669388 1.990458 1.179681 1.634856 1.922357 0.197180 0.847719 0.438194
0.392630 1.392630 1.607370 0.607370 0.664933 1.458493 1.418933 1.229835 0.457513 0.897651 1.480502 0.877494 1.220605 0.949836 0.073746 0.832387 1.134279 0.000000 0.359774 0.652513 1.947767 0.894491 0.335134 1.008758 1.073672 0.438743 1.333299 1.185958 1.104043 0.047352 1.088633 1.217194 0.450208 1.978574 1.758713 0.901652 0.863573 0.535109 0.875263 0.045402 1.230864 0.943364 0.937099 0.286560 1.572473
0.752404 1.752404 1.247596 0.247596 0.305159 1.098720 1.778707 0.870062 0.817286 1.257425 1.840276 1.237267 1.580378 0.590063 0.433520 1.192160 1.494053 0.359774 0.000000 1.012287 1.692460 1.254264 0.024640 0.648985 0.713898 0.078970 0.973525 1.545732 0.744269 0.312421 0.728859 0.857421 0.809982 1.661652 1.881514 0.541879 0.503799 0.175336 0.515489 0.314371 0.871091 0.583591 1.296873 0.646334 1.932246
0.259883 0.740117 1.740117 1.259883 1.317446 1.888994 0.766420 1.882348 0.195001 0.245138 0.827989 0.224981 0.568092 1.602349 0.578767 0.179874 0.481766 0.652513 1.012287 0.000000 1.295253 0.241978 0.987647 1.661271 1.726185 1.091257 1.985812 0.533445 1.756556 0.699866 1.741146 1.869708 0.202305 1.326061 1.106200 1.554165 1.516086 1.187623 1.527776 0.697916 1.883378 1.595877 0.284586 0.365953 0.919960
1.555136 0.555136 0.444864 1.444864 1.387301 0.593740 0.528833 0.822398 1.490254 1.050115 0.467264 1.070273 0.727162 1.102397 1.874020 1.115380 0.813487 1.947767 1.692460 1.295253 0.000000 1.053276 1.717099 1.043475 0.978562 1.613490 0.718935 0.761808 0.948191 1.995119 0.963601 0.835039 1.497558 0.030807 0.189054 1.150581 1.188661 1.517124 1.176971 1.993169 0.821369 1.108869 1.010667 1.661206 0.375294
0.501861 0.498139 1.498139 1.501861 1.559423 1.647016 0.524442 1.875674 0.436978 0.003160 0.586011 0.016997 0.326114 1.844327 0.820744 0.062104 0.239788 0.894491 1.254264 0.241978 1.053276 0.000000 1.229625 1.903249 1.968162 1.333234 1.772211 0.291468 1.998533 0.941843 1.983124 1.888315 0.444283 1.084083 0.864222 1.796143 1.758064 1.429600 1.769753 0.939893 1.874645 1.837855 0.042609 0.607931 0.677982
0.727764 1.727764 1.272236 0.272236 0.329799 1.123359 1.754067 0.894701 0.792647 1.232785 1.815636 1.212628 1.555739 0.614702 0.408880 1.167521 1.469413 0.335134 0.024640 0.987647 1.717099 1.229625 0.000000 0.673624 0.738538 0.103609 0.998165 1.521092 0.768909 0.287782 0.753499 0.882060 0.785342 1.686292 1.906153 0.566518 0.528439 0.199975 0.540129 0.289732 0.895730 0.608230 1.272233 0.621694 1.907607
1.401389 1.598611 0.598611 0.401389 0.343826 0.449735 1.572308 0.221077 1.466271 1.906410 1.510739 1.886252 1.770637 0.058922 1.082505 1.841145 1.856963 1.008758 0.648985 1.661271 1.043475 1.903249 0.673624 0.000000 0.064913 0.570015 0.324540 1.805283 0.095284 0.961406 0.079874 0.208436 1.458966 1.012668 1.232529 0.107106 0.145185 0.473649 0.133496 0.963356 0.222106 0.065394 1.945858 1.295318 1.418769
1.466302 1.533698 0.533698 0.466302 0.408739 0.384821 1.507395 0.156164 1.531184 1.971323 1.445826 1.951165 1.705724 0.123835 1.147418 1.906059 1.792049 1.073672 0.713898 1.726185 0.978562 1.968162 0.738538 0.064913 0.000000 0.634928 0.259627 1.740370 0.030371 1.026319 0.014961 0.143523 1.523880 0.947754 1.167616 0.172020 0.210099 0.538562 0.198409 1.028269 0.157193 0.130308 1.989229 1.360232 1.353855
0.831374 1.831374 1.168626 0.168626 0.226189 1.019750 1.857677 0.791092 0.896256 1.336395 1.919246 1.316237 1.659348 0.511093 0.512490 1.271130 1.573022 0.438743 0.078970 1.091257 1.613490 1.333234 0.103609 0.570015 0.634928 0.000000 0.894555 1.624702 0.665299 0.391391 0.649889 0.778451 0.888951 1.582683 1.802544 0.462909 0.424830 0.096366 0.436519 0.393341 0.792121 0.504621 1.375843 0.725303 1.988784
1.725929 1.274071 0.274071 0.725929 0.668366 0.125194 1.247768 0.103464 1.790811 1.769050 1.186199 1.789208 1.446097 0.383462 1.407045 1.834314 1.532422 1.333299 0.973525 1.985812 0.718935 1.772211 0.998165 0.324540 0.259627 0.894555 0.000000 1.480743 0.229256 1.285946 0.244666 0.116104 1.783507 0.688127 0.907989 0.431647 0.469726 0.798189 0.458036 1.287896 0.102434 0.389935 1.729602 1.619859 1.094228
0.793328 0.206672 1.206672 1.793328 1.850891 1.355548 0.232975 1.584206 0.728446 0.288307 0.294544 0.308465 0.034646 1.864205 1.112212 0.353572 0.051679 1.185958 1.545732 0.533445 0.761808 0.291468 1.521092 1.805283 1.740370 1.624702 1.480743 0.000000 1.709999 1.233311 1.725409 1.596847 0.735750 0.792616 0.572754 1.912389 1.950469 1.721068 1.938779 1.231361 1.583177 1.870677 0.248859 0.899398 0.386514
1.496673 1.503327 0.503327 0.496673 0.439110 0.354451 1.477024 0.125793 1.561555 1.998306 1.415455 1.981536 1.675353 0.154206 1.177789 1.936430 1.761678 1.104043 0.744269 1.756556 0.948191 1.998533 0.768909 0.095284 0.030371 0.665299 0.229256 1.709999 0.000000 1.056690 0.015410 0.113152 1.554251 0.917383 1.137245 0.202391 0.240470 0.568933 0.228780 1.058640 0.126822 0.160678 1.958858 1.390603 1.323484
0.439983 1.439983 1.560017 0.560017 0.617580 1.411141 1.466286 1.182483 0.504865 0.945004 1.527855 0.924846 1.267957 0.902484 0.121099 0.879739 1.181631 0.047352 0.312421 0.699866 1.995119 0.941843 0.287782 0.961406 1.026319 0.391391 1.285946 1.233311 1.056690 0.000000 1.041280 1.169842 0.497560 1.974074 1.806065 0.854300 0.816220 0.487757 0.827910 0.001950 1.183512 0.896012 0.984452 0.333913 1.619825
1.481263 1.518737 0.518737 0.481263 0.423700 0.369860 1.492434 0.141202 1.546145 1.986284 1.430865 1.966127 1.690762 0.138797 1.162379 1.921020 1.777088 1.088633 0.728859 1.741146 0.963601 1.983124 0.753499 0.079874 0.014961 0.649889 0.244666 1.725409 0.015410 1.041280 0.000000 0.128562 1.538841 0.932793 1.152654 0.186981 0.225060 0.553523 0.213370 1.043230 0.142232 0.145269 1.974268 1.375193 1.338894
1.609825 1.390175 0.390175 0.609825 0.552262 0.241299 1.363872 0.012641 1.674707 1.885154 1.302303 1.905312 1.562201 0.267358 1.290941 1.950419 1.648526 1.217194 0.857421 1.869708 0.835039 1.888315 0.882060 0.208436 0.143523 0.778451 0.116104 1.596847 0.113152 1.169842 0.128562 0.000000 1.667403 0.804232 1.024093 0.315542 0.353622 0.682085 0.341932 1.171792 0.013670 0.273830 1.845706 1.503755 1.210333
0.057578 0.942422 1.942422 1.057578 1.115141 1.908701 0.968725 1.680043 0.007304 0.447443 1.030294 0.427286 0.770397 1.400044 0.376462 0.382179 0.684071 0.450208 0.809982 0.202305 1.497558 0.444283 0.785342 1.458966 1.523880 0.888951 1.783507 0.735750 1.554251 0.497560 1.538841 1.667403 0.000000 1.528366 1.308505 1.351860 1.313781 0.985317 1.325471 0.495610 1.681073 1.393572 0.486891 0.163648 1.122265
1.585944 0.585944 0.414056 1.414056 1.356493 0.562933 0.559641 0.791591 1.521061 1.080923 0.498072 1.101080 0.757969 1.071590 1.904828 1.146187 0.844295 1.978574 1.661652 1.326061 0.030807 1.084083 1.686292 1.012668 0.947754 1.582683 0.688127 0.792616 0.917383 1.974074 0.932793 0.804232 1.528366 0.000000 0.219861 1.119774 1.157853 1.486317 1.146163 1.976024 0.790562 1.078062 1.041475 1.692014 0.406101
1.366083 0.366083 0.633917 1.633917 1.576355 0.782794 0.339779 1.011452 1.301200 0.861062 0.278210 0.881219 0.538108 1.291451 1.684966 0.926326 0.624434 1.758713 1.881514 1.106200 0.189054 0.864222 1.906153 1.232529 1.167616 1.802544 0.907989 0.572754 1.137245 1.806065 1.152654 1.024093 1.308505 0.219861 0.000000 1.339635 1.377714 1.706178 1.366025 1.804115 1.010423 1.297923 0.821613 1.472153 0.186240
1.294282 1.705718 0.705718 0.294282 0.236719 0.556841 1.679415 0.328183 1.359165 1.799303 1.617846 1.779146 1.877743 0.048184 0.975399 1.734039 1.964069 0.901652 0.541879 1.554165 1.150581 1.796143 0.566518 0.107106 0.172020 0.462909 0.431647 1.912389 0.202391 0.854300 0.186981 0.315542 1.351860 1.119774 1.339635 0.000000 0.038079 0.366543 0.026389 0.856250 0.329212 0.041712 1.838751 1.188212 1.525875
1.256203 1.743797 0.743797 0.256203 0.198640 0.594920 1.717494 0.366262 1.321085 1.761224 1.655925 1.741067 1.915822 0.086263 0.937319 1.695960 1.997852 0.863573 0.503799 1.516086 1.188661 1.758064 0.528439 0.145185 0.210099 0.424830 0.469726 1.950469 0.240470 0.816220 0.225060 0.353622 1.313781 1.157853 1.377714 0.038079 0.000000 0.328463 0.011690 0.818170 0.367292 0.079791 1.800672 1.150133 1.563954
0.927740 1.927740 1.072260 0.072260 0.129823 0.923384 1.954043 0.694726 0.992622 1.432761 1.984388 1.412603 1.755714 0.414727 0.608856 1.367496 1.669388 0.535109 0.175336 1.187623 1.517124 1.429600 0.199975 0.473649 0.538562 0.096366 0.798189 1.721068 0.568933 0.487757 0.553523 0.682085 0.985317 1.486317 1.706178 0.366543 0.328463 0.000000 0.340153 0.489707 0.695755 0.408255 1.472209 0.821670 1.892418
1.267893 1.732107 0.732107 0.267893 0.210330 0.583230 1.705804 0.354573 1.332775 1.772914 1.644235 1.752756 1.904133 0.074574 0.949009 1.707650 1.990458 0.875263 0.515489 1.527776 1.176971 1.769753 0.540129 0.133496 0.198409 0.436519 0.458036 1.938779 0.228780 0.827910 0.213370 0.341932 1.325471 1.146163 1.366025 0.026389 0.011690 0.340153 0.000000 0.829860 0.355602 0.068101 1.812362 1.161823 1.552264
0.438033 1.438033 1.561967 0.561967 0.619530 1.413091 1.464336 1.184433 0.502915 0.943054 1.525905 0.922896 1.266007 0.904434 0.119149 0.877789 1.179681 0.045402 0.314371 0.697916 1.993169 0.939893 0.289732 0.963356 1.028269 0.393341 1.287896 1.231361 1.058640 0.001950 1.043230 1.171792 0.495610 1.976024 1.804115 0.856250 0.818170 0.489707 0.829860 0.000000 1.185462 0.897962 0.982502 0.331962 1.617875
1.623495 1.376505 0.376505 0.623495 0.565932 0.227629 1.350202 0.001029 1.688377 1.871484 1.288633 1.891642 1.548531 0.281028 1.304611 1.936749 1.634856 1.230864 0.871091 1.883378 0.821369 1.874645 0.895730 0.222106 0.157193 0.792121 0.102434 1.583177 0.126822 1.183512 0.142232 0.013670 1.681073 0.790562 1.010423 0.329212 0.367292 0.695755 0.355602 1.185462 0.000000 0.287500 1.832036 1.517425 1.196663
1.335994 1.664006 0.664006 0.335994 0.278432 0.515129 1.637703 0.286471 1.400877 1.841015 1.576134 1.820858 1.836031 0.006472 1.017111 1.775751 1.922357 0.943364 0.583591 1.595877 1.108869 1.837855 0.608230 0.065394 0.130308 0.504621 0.389935 1.870677 0.160678 0.896012 0.145269 0.273830 1.393572 1.078062 1.297923 0.041712 0.079791 0.408255 0.068101 0.897962 0.287500 0.000000 1.880464 1.229924 1.484163
0.544469 0.455531 1.455531 1.544469 1.602032 1.604407 0.481834 1.833065 0.479587 0.039448 0.543403 0.059606 0.283505 1.886936 0.863353 0.104712 0.197180 0.937099 1.296873 0.284586 1.010667 0.042609 1.272233 1.945858 1.989229 1.375843 1.729602 0.248859 1.958858 0.984452 1.974268 1.845706 0.486891 1.041475 0.821613 1.838751 1.800672 1.472209 1.812362 0.982502 1.832036 1.880464 0.000000 0.650539 0.635374
0.106070 1.106070 1.893930 0.893930 0.951493 1.745053 1.132373 1.516395 0.170952 0.611091 1.193942 0.590934 0.934045 1.236396 0.212814 0.545827 0.847719 0.286560 0.646334 0.365953 1.661206 0.607931 0.621694 1.295318 1.360232 0.725303 1.619859 0.899398 1.390603 0.333913 1.375193 1.503755 0.163648 1.692014 1.472153 1.188212 1.150133 0.821670 1.161823 0.331962 1.517425 1.229924 0.650539 0.000000 1.285913
1.179843 0.179843 0.820157 1.820157 1.762594 0.969034 0.153540 1.197692 1.114960 0.674822 0.091971 0.694979 0.351868 1.477691 1.498726 0.740086 0.438194 1.572473 1.932246 0.919960 0.375294 0.677982 1.907607 1.418769 1.353855 1.988784 1.094228 0.386514 1.323484 1.619825 1.338894 1.210333 1.122265 0.406101 0.186240 1.525875 1.563954 1.892418 1.552264 1.617875 1.196663 1.484163 0.635374 1.285913 0.000000
