45
0.000000 1.000000 2.000000 1.000000 0.277943 1.208260 1.456487 0.727387 0.557949 0.063477 0.229681 0.583563 1.043783 0.858705 0.976865 0.855498 0.208182 0.031776 1.691650 0.463725 1.180031 1.620221 0.877863 1.526247 1.981152 1.078549 1.197966 1.804049 1.612251 0.857304 0.677252 0.014114 0.056012 0.834324 1.693922 0.683674 1.329031 0.375956 0.445843 1.413900 0.922871 1.093760 1.640531 0.047170 1.708867
1.000000 0.000000 1.000000 2.000000 0.722057 1.791740 1.543513 0.272613 1.557949 1.063477 1.229681 1.583563 0.043783 0.141295 1.976865 1.855498 1.208182 1.031776 0.691650 0.536275 1.819969 0.620221 0.122137 1.473753 1.018848 0.078549 1.802034 1.195951 1.387749 0.142696 1.677252 0.985886 1.056012 1.834324 0.693922 0.316326 1.670969 0.624044 1.445843 1.586100 1.922871 0.093760 1.359469 0.952830 0.708867
2.000000 1.000000 0.000000 1.000000 1.722057 0.791740 0.543513 1.272613 1.442051 1.936523 1.770319 1.416437 0.956217 1.141295 1.023135 1.144502 1.791818 1.968224 0.308350 1.536275 0.819969 0.379779 1.122137 0.473753 0.018848 0.921451 0.802034 0.195951 0.387749 1.142696 1.322748 1.985886 1.943988 1.165676 0.306078 1.316326 0.670969 1.624044 1.554157 0.586100 1.077129 0.906240 0.359469 1.952830 0.291133
1.000000 2.000000 1.000000 0.000000 1.277943 0.208260 0.456487 1.727387 0.442051 0.936523 0.770319 0.416437 1.956217 1.858705 0.023135 0.144502 0.791818 0.968224 1.308350 1.463725 0.180031 1.379779 1.877863 0.526247 0.981152 1.921451 0.197966 0.804049 0.612251 1.857304 0.322748 1.014114 0.943988 0.165676 1.306078 1.683674 0.329031 1.375956 0.554157 0.413900 0.077129 1.906240 0.640531 1.047170 1.291133
0.277943 0.722057 1.722057 1.277943 0.000000 1.486203 1.734429 0.449445 0.835892 0.341419 0.507623 0.861506 0.765840 0.580763 1.254808 1.133441 0.486124 0.309719 1.413707 0.185782 1.457974 1.342278 0.599920 1.804190 1.740906 0.800606 1.475909 1.918009 1.890193 0.579361 0.955194 0.263829 0.333955 1.112267 1.415979 0.405732 1.606973 0.098013 0.723785 1.691842 1.200814 0.815817 1.918474 0.230773 1.430924
1.208260 1.791740 0.791740 0.208260 1.486203 0.000000 0.248227 1.935647 0.650311 1.144784 0.978580 0.624697 1.747957 1.933034 0.231395 0.352762 1.000079 1.176484 1.100090 1.671985 0.028229 1.171519 1.913877 0.317987 0.772891 1.713191 0.010294 0.595789 0.403991 1.934436 0.531008 1.222374 1.152248 0.373936 1.097818 1.891934 0.120771 1.584216 0.762417 0.205640 0.285389 1.697980 0.432271 1.255430 1.082873
1.456487 1.543513 0.543513 0.456487 1.734429 0.248227 0.000000 1.816126 0.898538 1.393010 1.226806 0.872924 1.499730 1.684808 0.479622 0.600989 1.248305 1.424711 0.851863 1.920212 0.276455 0.923292 1.665650 0.069760 0.524665 1.464965 0.258520 0.347562 0.155764 1.686210 0.779235 1.470601 1.400475 0.622163 0.849591 1.859839 0.127456 1.832442 1.010644 0.042587 0.533616 1.449753 0.184045 1.503657 0.834646
0.727387 0.272613 1.272613 1.727387 0.449445 1.935647 1.816126 0.000000 1.285336 0.790864 0.957068 1.310950 0.316396 0.131318 1.704252 1.582885 0.935569 0.759163 0.964263 0.263662 1.907419 0.892834 0.150476 1.746366 1.291461 0.351161 1.925354 1.468564 1.660362 0.129916 1.404639 0.713273 0.783399 1.561711 0.966535 0.043713 1.943582 0.351432 1.173230 1.858713 1.650258 0.366373 1.632081 0.680218 0.981480
0.557949 1.557949 1.442051 0.442051 0.835892 0.650311 0.898538 1.285336 0.000000 0.494473 0.328269 0.025614 1.601732 1.416655 0.418916 0.297549 0.349768 0.526173 1.750401 1.021674 0.622082 1.821830 1.435812 0.968298 1.423202 1.636498 0.640017 1.246099 1.054302 1.415253 0.119303 0.572063 0.501937 0.276375 1.748129 1.241623 0.771081 0.933905 0.112106 0.855951 0.364922 1.651709 1.082582 0.605119 1.733184
0.063477 1.063477 1.936523 0.936523 0.341419 1.144784 1.393010 0.790864 0.494473 0.000000 0.166204 0.520086 1.107260 0.922182 0.913389 0.792022 0.144705 0.031701 1.755126 0.527202 1.116555 1.683698 0.941339 1.462770 1.917675 1.142025 1.134490 1.740572 1.548774 0.920780 0.613775 0.077591 0.007465 0.770847 1.757398 0.747151 1.265554 0.439432 0.382366 1.350423 0.859395 1.157236 1.577055 0.110646 1.772344
0.229681 1.229681 1.770319 0.770319 0.507623 0.978580 1.226806 0.957068 0.328269 0.166204 0.000000 0.353882 1.273464 1.088386 0.747185 0.625818 0.021499 0.197905 1.921330 0.693406 0.950351 1.849902 1.107544 1.296566 1.751471 1.308229 0.968286 1.574368 1.382570 1.086984 0.447571 0.243795 0.173669 0.604643 1.923602 0.913355 1.099350 0.605636 0.216162 1.184219 0.693191 1.323441 1.410851 0.276850 1.938548
0.583563 1.583563 1.416437 0.416437 0.861506 0.624697 0.872924 1.310950 0.025614 0.520086 0.353882 0.000000 1.627346 1.442268 0.393302 0.271935 0.375381 0.551787 1.724787 1.047288 0.596468 1.796216 1.461426 0.942684 1.397589 1.662112 0.614403 1.220486 1.028688 1.440867 0.093689 0.597677 0.527551 0.250761 1.722515 1.267237 0.745468 0.959519 0.137720 0.830337 0.339308 1.677323 1.056968 0.630733 1.707570
1.043783 0.043783 0.956217 1.956217 0.765840 1.747957 1.499730 0.316396 1.601732 1.107260 1.273464 1.627346 0.000000 0.185078 1.979352 1.899281 1.251965 1.075559 0.647867 0.580058 1.776186 0.576438 0.165920 1.429970 0.975066 0.034766 1.758251 1.152168 1.343966 0.186479 1.721035 1.029669 1.099795 1.878107 0.650139 0.360109 1.627186 0.667827 1.489626 1.542317 1.966654 0.049977 1.315686 0.996613 0.665084
0.858705 0.141295 1.141295 1.858705 0.580763 1.933034 1.684808 0.131318 1.416655 0.922182 1.088386 1.442268 0.185078 0.000000 1.835571 1.714204 1.066887 0.890481 0.832944 0.394980 1.961263 0.761516 0.019158 1.615048 1.160143 0.219843 1.943328 1.337246 1.529044 0.001402 1.535957 0.844591 0.914717 1.693029 0.835216 0.175031 1.812264 0.482750 1.304548 1.727395 1.781577 0.235055 1.500763 0.811536 0.850162
0.976865 1.976865 1.023135 0.023135 1.254808 0.231395 0.479622 1.704252 0.418916 0.913389 0.747185 0.393302 1.979352 1.835571 0.000000 0.121367 0.768684 0.945089 1.331485 1.440590 0.203166 1.402914 1.854728 0.549382 1.004286 1.944586 0.221101 0.827183 0.635386 1.834169 0.299614 0.990979 0.920853 0.142541 1.329213 1.660539 0.352165 1.352821 0.531022 0.437035 0.053994 1.929375 0.663666 1.024035 1.314268
0.855498 1.855498 1.144502 0.144502 1.133441 0.352762 0.600989 1.582885 0.297549 0.792022 0.625818 0.271935 1.899281 1.714204 0.121367 0.000000 0.647317 0.823722 1.452852 1.319223 0.324533 1.524281 1.733361 0.670749 1.125653 1.934047 0.342468 0.948551 0.756753 1.712802 0.178246 0.869612 0.799486 0.021174 1.450580 1.539172 0.473533 1.231454 0.409655 0.558402 0.067373 1.949258 0.785033 0.902668 1.435635
0.208182 1.208182 1.791818 0.791818 0.486124 1.000079 1.248305 0.935569 0.349768 0.144705 0.021499 0.375381 1.251965 1.066887 0.768684 0.647317 0.000000 0.176406 1.899831 0.671907 0.971850 1.828403 1.086045 1.318065 1.772970 1.286730 0.989785 1.595867 1.404069 1.065485 0.469070 0.222296 0.152170 0.626142 1.902103 0.891856 1.120849 0.584137 0.237661 1.205718 0.714690 1.301942 1.432350 0.255351 1.917049
0.031776 1.031776 1.968224 0.968224 0.309719 1.176484 1.424711 0.759163 0.526173 0.031701 0.197905 0.551787 1.075559 0.890481 0.945089 0.823722 0.176406 0.000000 1.723426 0.495501 1.148255 1.651997 0.909639 1.494471 1.949375 1.110325 1.166190 1.772273 1.580475 0.889080 0.645476 0.045890 0.024236 0.802548 1.725698 0.715450 1.297255 0.407732 0.414067 1.382124 0.891095 1.125536 1.608755 0.078946 1.740643
1.691650 0.691650 0.308350 1.308350 1.413707 1.100090 0.851863 0.964263 1.750401 1.755126 1.921330 1.724787 0.647867 0.832944 1.331485 1.452852 1.899831 1.723426 0.000000 1.227925 1.128319 0.071429 0.813787 0.782103 0.327199 0.613101 1.110384 0.504302 0.696099 0.834346 1.631099 1.677536 1.747662 1.474026 0.002272 1.007976 0.979320 1.315694 1.862507 0.894450 1.385479 0.597890 0.667819 1.644480 0.017217
0.463725 0.536275 1.536275 1.463725 0.185782 1.671985 1.920212 0.263662 1.021674 0.527202 0.693406 1.047288 0.580058 0.394980 1.440590 1.319223 0.671907 0.495501 1.227925 0.000000 1.643756 1.156496 0.414138 1.989972 1.555123 0.614824 1.661691 1.732226 1.924024 0.393579 1.140977 0.449611 0.519737 1.298049 1.230197 0.219949 1.792756 0.087769 0.909568 1.877625 1.386596 0.630035 1.895744 0.416555 1.245142
1.180031 1.819969 0.819969 0.180031 1.457974 0.028229 0.276455 1.907419 0.622082 1.116555 0.950351 0.596468 1.776186 1.961263 0.203166 0.324533 0.971850 1.148255 1.128319 1.643756 0.000000 1.199747 1.942106 0.346216 0.801120 1.741420 0.017935 0.624017 0.432219 1.962665 0.502780 1.194145 1.124019 0.345708 1.126047 1.863706 0.148999 1.555987 0.734189 0.233868 0.257160 1.726209 0.460500 1.227201 1.111102
1.620221 0.620221 0.379779 1.379779 1.342278 1.171519 0.923292 0.892834 1.821830 1.683698 1.849902 1.796216 0.576438 0.761516 1.402914 1.524281 1.828403 1.651997 0.071429 1.156496 1.199747 0.000000 0.742358 0.853532 0.398627 0.541673 1.181812 0.575730 0.767528 0.762918 1.702527 1.606107 1.676233 1.545455 0.073701 0.936547 1.050748 1.244265 1.933936 0.965879 1.456908 0.526461 0.739247 1.573051 0.088646
0.877863 0.122137 1.122137 1.877863 0.599920 1.913877 1.665650 0.150476 1.435812 0.941339 1.107544 1.461426 0.165920 0.019158 1.854728 1.733361 1.086045 0.909639 0.813787 0.414138 1.942106 0.742358 0.000000 1.595890 1.140986 0.200686 1.924171 1.318088 1.509886 0.020559 1.555115 0.863749 0.933875 1.712187 0.816059 0.194189 1.793106 0.501907 1.323706 1.708237 1.800734 0.215897 1.481606 0.830693 0.831004
1.526247 1.473753 0.473753 0.526247 1.804190 0.317987 0.069760 1.746366 0.968298 1.462770 1.296566 0.942684 1.429970 1.615048 0.549382 0.670749 1.318065 1.494471 0.782103 1.989972 0.346216 0.853532 1.595890 0.000000 0.454905 1.395204 0.328281 0.277802 0.086004 1.616449 0.848995 1.540361 1.470235 0.691923 0.779831 1.790079 0.197216 1.902203 1.080404 0.112347 0.603376 1.379993 0.114284 1.573417 0.764886
1.981152 1.018848 0.018848 0.981152 1.740906 0.772891 0.524665 1.291461 1.423202 1.917675 1.751471 1.397589 0.975066 1.160143 1.004286 1.125653 1.772970 1.949375 0.327199 1.555123 0.801120 0.398627 1.140986 0.454905 0.000000 0.940300 0.783185 0.177103 0.368901 1.161545 1.303900 1.995266 1.925140 1.146828 0.324927 1.335174 0.652121 1.642893 1.535309 0.567252 1.058280 0.925089 0.340620 1.971679 0.309981
1.078549 0.078549 0.921451 1.921451 0.800606 1.713191 1.464965 0.351161 1.636498 1.142025 1.308229 1.662112 0.034766 0.219843 1.944586 1.934047 1.286730 1.110325 0.613101 0.614824 1.741420 0.541673 0.200686 1.395204 0.940300 0.000000 1.723485 1.117403 1.309201 0.221245 1.755800 1.064435 1.134561 1.912872 0.615373 0.394874 1.592421 0.702593 1.524391 1.507552 1.998580 0.015211 1.280920 1.031379 0.630318
1.197966 1.802034 0.802034 0.197966 1.475909 0.010294 0.258520 1.925354 0.640017 1.134490 0.968286 0.614403 1.758251 1.943328 0.221101 0.342468 0.989785 1.166190 1.110384 1.661691 0.017935 1.181812 1.924171 0.328281 0.783185 1.723485 0.000000 0.606082 0.414284 1.944730 0.520715 1.212080 1.141954 0.363643 1.108112 1.881641 0.131064 1.573922 0.752124 0.215933 0.275095 1.708274 0.442565 1.245136 1.093167
1.804049 1.195951 0.195951 0.804049 1.918009 0.595789 0.347562 1.468564 1.246099 1.740572 1.574368 1.220486 1.152168 1.337246 0.827183 0.948551 1.595867 1.772273 0.504302 1.732226 0.624017 0.575730 1.318088 0.277802 0.177103 1.117403 0.606082 0.000000 0.191798 1.338648 1.126797 1.818163 1.748037 0.969725 0.502030 1.512277 0.475018 1.819996 1.358206 0.390149 0.881177 1.102191 0.163517 1.851218 0.487084
1.612251 1.387749 0.387749 0.612251 1.890193 0.403991 0.155764 1.660362 1.054302 1.548774 1.382570 1.028688 1.343966 1.529044 0.635386 0.756753 1.404069 1.580475 0.696099 1.924024 0.432219 0.767528 1.509886 0.086004 0.368901 1.309201 0.414284 0.191798 0.000000 1.530446 0.934999 1.626365 1.556239 0.777927 0.693827 1.704075 0.283220 1.988206 1.166408 0.198351 0.689380 1.293989 0.028281 1.659420 0.678882
0.857304 0.142696 1.142696 1.857304 0.579361 1.934436 1.686210 0.129916 1.415253 0.920780 1.086984 1.440867 0.186479 0.001402 1.834169 1.712802 1.065485 0.889080 0.834346 0.393579 1.962665 0.762918 0.020559 1.616449 1.161545 0.221245 1.944730 1.338648 1.530446 0.000000 1.534555 0.843190 0.913316 1.691627 0.836618 0.173629 1.813666 0.481348 1.303146 1.728797 1.780175 0.236456 1.502165 0.810134 0.851563
0.677252 1.677252 1.322748 0.322748 0.955194 0.531008 0.779235 1.404639 0.119303 0.613775 0.447571 0.093689 1.721035 1.535957 0.299614 0.178246 0.469070 0.645476 1.631099 1.140977 0.502780 1.702527 1.555115 0.848995 1.303900 1.755800 0.520715 1.126797 0.934999 1.534555 0.000000 0.691366 0.621240 0.157072 1.628827 1.360926 0.651779 1.053207 0.231409 0.736648 0.245620 1.771012 0.963280 0.724421 1.613881
0.014114 0.985886 1.985886 1.014114 0.263829 1.222374 1.470601 0.713273 0.572063 0.077591 0.243795 0.597677 1.029669 0.844591 0.990979 0.869612 0.222296 0.045890 1.677536 0.449611 1.194145 1.606107 0.863749 1.540361 1.995266 1.064435 1.212080 1.818163 1.626365 0.843190 0.691366 0.000000 0.070126 0.848438 1.679808 0.669560 1.343145 0.361842 0.459957 1.428014 0.936985 1.079646 1.654645 0.033056 1.694753
0.056012 1.056012 1.943988 0.943988 0.333955 1.152248 1.400475 0.783399 0.501937 0.007465 0.173669 0.527551 1.099795 0.914717 0.920853 0.799486 0.152170 0.024236 1.747662 0.519737 1.124019 1.676233 0.933875 1.470235 1.925140 1.134561 1.141954 1.748037 1.556239 0.913316 0.621240 0.070126 0.000000 0.778312 1.749934 0.739686 1.273019 0.431968 0.389831 1.357888 0.866859 1.149772 1.584519 0.103182 1.764879
0.834324 1.834324 1.165676 0.165676 1.112267 0.373936 0.622163 1.561711 0.276375 0.770847 0.604643 0.250761 1.878107 1.693029 0.142541 0.021174 0.626142 0.802548 1.474026 1.298049 0.345708 1.545455 1.712187 0.691923 1.146828 1.912872 0.363643 0.969725 0.777927 1.691627 0.157072 0.848438 0.778312 0.000000 1.471754 1.517998 0.494707 1.210280 0.388481 0.579576 0.088547 1.928084 0.806208 0.881494 1.456809
1.693922 0.693922 0.306078 1.306078 1.415979 1.097818 0.849591 0.966535 1.748129 1.757398 1.923602 1.722515 0.650139 0.835216 1.329213 1.450580 1.902103 1.725698 0.002272 1.230197 1.126047 0.073701 0.816059 0.779831 0.324927 0.615373 1.108112 0.502030 0.693827 0.836618 1.628827 1.679808 1.749934 1.471754 0.000000 1.010247 0.977048 1.317966 1.860235 0.892178 1.383207 0.600162 0.665547 1.646752 0.014945
0.683674 0.316326 1.316326 1.683674 0.405732 1.891934 1.859839 0.043713 1.241623 0.747151 0.913355 1.267237 0.360109 0.175031 1.660539 1.539172 0.891856 0.715450 1.007976 0.219949 1.863706 0.936547 0.194189 1.790079 1.335174 0.394874 1.881641 1.512277 1.704075 0.173629 1.360926 0.669560 0.739686 1.517998 1.010247 0.000000 1.987295 0.307719 1.129517 1.902426 1.606545 0.410086 1.675794 0.636505 1.025193
1.329031 1.670969 0.670969 0.329031 1.606973 0.120771 0.127456 1.943582 0.771081 1.265554 1.099350 0.745468 1.627186 1.812264 0.352165 0.473533 1.120849 1.297255 0.979320 1.792756 0.148999 1.050748 1.793106 0.197216 0.652121 1.592421 0.131064 0.475018 0.283220 1.813666 0.651779 1.343145 1.273019 0.494707 0.977048 1.987295 0.000000 1.704986 0.883188 0.084869 0.406159 1.577209 0.311501 1.376200 0.962102
0.375956 0.624044 1.624044 1.375956 0.098013 1.584216 1.832442 0.351432 0.933905 0.439432 0.605636 0.959519 0.667827 0.482750 1.352821 1.231454 0.584137 0.407732 1.315694 0.087769 1.555987 1.244265 0.501907 1.902203 1.642893 0.702593 1.573922 1.819996 1.988206 0.481348 1.053207 0.361842 0.431968 1.210280 1.317966 0.307719 1.704986 0.000000 0.821798 1.789855 1.298827 0.717804 1.983513 0.328786 1.332911
0.445843 1.445843 1.554157 0.554157 0.723785 0.762417 1.010644 1.173230 0.112106 0.382366 0.216162 0.137720 1.489626 1.304548 0.531022 0.409655 0.237661 0.414067 1.862507 0.909568 0.734189 1.933936 1.323706 1.080404 1.535309 1.524391 0.752124 1.358206 1.166408 1.303146 0.231409 0.459957 0.389831 0.388481 1.860235 1.129517 0.883188 0.821798 0.000000 0.968057 0.477028 1.539603 1.194689 0.493012 1.845290
1.413900 1.586100 0.586100 0.413900 1.691842 0.205640 0.042587 1.858713 0.855951 1.350423 1.184219 0.830337 1.542317 1.727395 0.437035 0.558402 1.205718 1.382124 0.894450 1.877625 0.233868 0.965879 1.708237 0.112347 0.567252 1.507552 0.215933 0.390149 0.198351 1.728797 0.736648 1.428014 1.357888 0.579576 0.892178 1.902426 0.084869 1.789855 0.968057 0.000000 0.491029 1.492340 0.226632 1.461069 0.877233
0.922871 1.922871 1.077129 0.077129 1.200814 0.285389 0.533616 1.650258 0.364922 0.859395 0.693191 0.339308 1.966654 1.781577 0.053994 0.067373 0.714690 0.891095 1.385479 1.386596 0.257160 1.456908 1.800734 0.603376 1.058280 1.998580 0.275095 0.881177 0.689380 1.780175 0.245620 0.936985 0.866859 0.088547 1.383207 1.606545 0.406159 1.298827 0.477028 0.491029 0.000000 1.983369 0.717660 0.970041 1.368262
1.093760 0.093760 0.906240 1.906240 0.815817 1.697980 1.449753 0.366373 1.651709 1.157236 1.323441 1.677323 0.049977 0.235055 1.929375 1.949258 1.301942 1.125536 0.597890 0.630035 1.726209 0.526461 0.215897 1.379993 0.925089 0.015211 1.708274 1.102191 1.293989 0.236456 1.771012 1.079646 1.149772 1.928084 0.600162 0.410086 1.577209 0.717804 1.539603 1.492340 1.983369 0.000000 1.265709 1.046590 0.615107
1.640531 1.359469 0.359469 0.640531 1.918474 0.432271 0.184045 1.632081 1.082582 1.577055 1.410851 1.056968 1.315686 1.500763 0.663666 0.785033 1.432350 1.608755 0.667819 1.895744 0.460500 0.739247 1.481606 0.114284 0.340620 1.280920 0.442565 0.163517 0.028281 1.502165 0.963280 1.654645 1.584519 0.806208 0.665547 1.675794 0.311501 1.983513 1.194689 0.226632 0.717660 1.265709 0.000000 1.687701 0.650602
0.047170 0.952830 1.952830 1.047170 0.230773 1.255430 1.503657 0.680218 0.605119 0.110646 0.276850 0.630733 0.996613 0.811536 1.024035 0.902668 0.255351 0.078946 1.644480 0.416555 1.227201 1.573051 0.830693 1.573417 1.971679 1.031379 1.245136 1.851218 1.659420 0.810134 0.724421 0.033056 0.103182 0.881494 1.646752 0.636505 1.376200 0.328786 0.493012 1.461069 0.970041 1.046590 1.687701 0.000000 1.661697
1.708867 0.708867 0.291133 1.291133 1.430924 1.082873 0.834646 0.981480 1.733184 1.772344 1.938548 1.707570 0.665084 0.850162 1.314268 1.435635 1.917049 1.740643 0.017217 1.245142 1.111102 0.088646 0.831004 0.764886 0.309981 0.630318 1.093167 0.487084 0.678882 0.851563 1.613881 1.694753 1.764879 1.456809 0.014945 1.025193 0.962102 1.332911 1.845290 0.877233 1.368262 0.615107 0.650602 1.661697 0.000000
