50
0.000000 1.000000 2.000000 1.000000 1.025503 0.632240 1.876863 0.698396 0.046014 0.181175 1.557972 0.317142 0.804741 1.485642 0.449920 1.923632 1.572184 1.890436 0.635717 1.813838 1.752871 1.096763 0.145794 0.591553 1.596366 0.608233 0.034582 1.395485 1.317604 1.726974 0.309959 0.966235 1.263830 0.172764 0.209995 1.118684 0.863050 1.318240 1.516644 1.191545 0.237516 0.627087 0.147616 1.256790 0.946497 0.762721 0.266277 1.684994 0.799901 0.911330
1.000000 0.000000 1.000000 2.000000 1.974497 0.367760 0.876863 1.698396 0.953986 1.181175 1.442028 0.682858 0.195259 0.485642 1.449920 1.076368 0.572184 1.109564 1.635717 0.813838 0.752871 1.903237 1.145794 0.408447 0.596366 0.391767 1.034582 0.395485 0.317604 1.273026 0.690041 1.966235 0.263830 1.172764 1.209995 1.881316 1.863050 1.681760 1.483356 0.191545 1.237516 0.372913 0.852384 1.743210 1.946497 0.237279 1.266277 0.684994 0.200099 1.911330
2.000000 1.000000 0.000000 1.000000 0.974497 1.367760 0.123137 1.301604 1.953986 1.818825 0.442028 1.682858 1.195259 0.514358 1.550080 0.076368 0.427816 0.109564 1.364283 0.186162 0.247129 0.903237 1.854206 1.408447 0.403634 1.391767 1.965418 0.604515 0.682396 0.273026 1.690041 1.033765 0.736170 1.827236 1.790005 0.881316 1.136950 0.681760 0.483356 0.808455 1.762484 1.372913 1.852384 0.743210 1.053503 1.237279 1.733723 0.315006 1.200099 1.088670
1.000000 2.000000 1.000000 0.000000 0.025503 1.632240 1.123137 0.301604 1.046014 0.818825 0.557972 1.317142 1.804741 1.514358 0.550080 0.923632 1.427816 0.890436 0.364283 1.186162 1.247129 0.096763 0.854206 1.591553 1.403634 1.608233 0.965418 1.604515 1.682396 0.726974 1.309959 0.033765 1.736170 0.827236 0.790005 0.118684 0.136950 0.318240 0.516644 1.808455 0.762484 1.627087 1.147616 0.256790 0.053503 1.762721 0.733723 1.315006 1.799901 0.088670
1.025503 1.974497 0.974497 0.025503 0.000000 1.657743 1.097634 0.327107 1.071517 0.844328 0.532469 1.342646 1.830244 1.488855 0.575583 0.898129 1.402313 0.864932 0.389786 1.160659 1.221626 0.071260 0.879709 1.617057 1.378130 1.633736 0.990922 1.579012 1.656892 0.701471 1.335462 0.059268 1.710667 0.852739 0.815508 0.093180 0.162453 0.292737 0.491141 1.782952 0.787987 1.652590 1.173119 0.231287 0.079007 1.788224 0.759226 1.289503 1.825404 0.114173
0.632240 0.367760 1.367760 1.632240 1.657743 0.000000 1.244623 1.330636 0.586226 0.813415 1.809788 0.315097 0.172501 0.853402 1.082160 1.444128 0.939944 1.477325 1.267957 1.181598 1.120631 1.729003 0.778034 0.040686 0.964127 0.024006 0.666821 0.763245 0.685365 1.640786 0.322281 1.598475 0.631590 0.805004 0.842235 1.750923 1.495290 1.950480 1.851116 0.559306 0.869756 0.005153 0.484624 1.889030 1.578736 0.130482 0.898517 1.052754 0.167661 1.543570
1.876863 0.876863 0.123137 1.123137 1.097634 1.244623 0.000000 1.424741 1.830849 1.941962 0.565165 1.559721 1.072122 0.391221 1.673217 0.199505 0.304679 0.232701 1.487420 0.063025 0.123992 1.026374 1.977343 1.285310 0.280497 1.268630 1.911445 0.481378 0.559259 0.396163 1.566904 1.156902 0.613033 1.950373 1.913142 1.004453 1.260087 0.804897 0.606493 0.685318 1.885621 1.249776 1.729247 0.866347 1.176640 1.114142 1.856860 0.191869 1.076962 1.211807
0.698396 1.698396 1.301604 0.301604 0.327107 1.330636 1.424741 0.000000 0.744410 0.517221 0.859576 1.015539 1.503137 1.815962 0.248476 1.225236 1.729420 1.192040 0.062679 1.487766 1.548733 0.398367 0.552602 1.289950 1.705238 1.306629 0.663814 1.906119 1.983999 1.028578 1.008355 0.267839 1.962226 0.525632 0.488401 0.420288 0.164654 0.619844 0.818248 1.889941 0.460880 1.325483 0.846012 0.558394 0.248100 1.461117 0.432119 1.616610 1.498297 0.212934
0.046014 0.953986 1.953986 1.046014 1.071517 0.586226 1.830849 0.744410 0.000000 0.227190 1.603986 0.271128 0.758726 1.439628 0.495935 1.969646 1.526170 1.936450 0.681731 1.767824 1.706857 1.142777 0.191808 0.545539 1.550352 0.562219 0.080596 1.349471 1.271590 1.772989 0.263945 1.012249 1.217816 0.218778 0.256009 1.164698 0.909064 1.364254 1.562659 1.145531 0.283531 0.581073 0.101602 1.302804 0.992511 0.716707 0.312291 1.638980 0.753887 0.957345
0.181175 1.181175 1.818825 0.818825 0.844328 0.813415 1.941962 0.517221 0.227190 0.000000 1.376797 0.498318 0.985916 1.666817 0.268745 1.742457 1.753359 1.709260 0.454541 1.995014 1.934046 0.915587 0.035382 0.772729 1.777542 0.789409 0.146594 1.576660 1.498780 1.545799 0.491135 0.785060 1.445005 0.008411 0.028820 0.937508 0.681875 1.137065 1.335469 1.372721 0.056341 0.808262 0.328791 1.075615 0.765321 0.943897 0.085101 1.866169 0.981077 0.730155
1.557972 1.442028 0.442028 0.557972 0.532469 1.809788 0.565165 0.859576 1.603986 1.376797 0.000000 1.875115 1.637287 0.956386 1.108052 0.365660 0.869844 0.332463 0.922255 0.628190 0.689157 0.461209 1.412178 1.850474 0.845661 1.833794 1.523391 1.046543 1.124423 0.169002 1.867931 0.591737 1.178198 1.385208 1.347977 0.439289 0.694922 0.239732 0.041328 1.250482 1.320456 1.814941 1.705588 0.301182 0.611476 1.679306 1.291695 0.757034 1.642127 0.646642
0.317142 0.682858 1.682858 1.317142 1.342646 0.315097 1.559721 1.015539 0.271128 0.498318 1.875115 0.000000 0.487598 1.168499 0.767063 1.759226 1.255042 1.792422 0.952859 1.496696 1.435728 1.413905 0.462936 0.274411 1.279224 0.291091 0.351724 1.078342 1.000462 1.955883 0.007183 1.283378 0.946687 0.489907 0.527138 1.435826 1.180193 1.635383 1.833787 0.874403 0.554659 0.309944 0.169527 1.573932 1.263639 0.445579 0.583419 1.367852 0.482759 1.228473
0.804741 0.195259 1.195259 1.804741 1.830244 0.172501 1.072122 1.503137 0.758726 0.985916 1.637287 0.487598 0.000000 0.680901 1.254661 1.271627 0.767443 1.304824 1.440457 1.009098 0.948130 1.901503 0.950534 0.213187 0.791626 0.196507 0.839322 0.590744 0.512864 1.468285 0.494781 1.770976 0.459089 0.977505 1.014736 1.923424 1.667791 1.877019 1.678615 0.386805 1.042257 0.177654 0.657125 1.938469 1.751237 0.042019 1.071017 0.880253 0.004839 1.716071
1.485642 0.485642 0.514358 1.514358 1.488855 0.853402 0.391221 1.815962 1.439628 1.666817 0.956386 1.168499 0.680901 0.000000 1.935562 0.590726 0.086542 0.623923 1.878641 0.328196 0.267229 1.417595 1.631436 0.894088 0.110725 0.877408 1.520223 0.090157 0.168037 0.787384 1.175682 1.548123 0.221812 1.658406 1.695637 1.395675 1.651308 1.196118 0.997714 0.294096 1.723158 0.858555 1.338026 1.257568 1.567862 0.722920 1.751919 0.199352 0.685741 1.603028
0.449920 1.449920 1.550080 0.550080 0.575583 1.082160 1.673217 0.248476 0.495935 0.268745 1.108052 0.767063 1.254661 1.935562 0.000000 1.473712 1.977896 1.440515 0.185796 1.736242 1.797209 0.646842 0.304127 1.041474 1.953713 1.058154 0.415339 1.845405 1.767525 1.277054 0.759880 0.516315 1.713750 0.277156 0.239925 0.668763 0.413130 0.868320 1.066724 1.641466 0.212404 1.077007 0.597536 0.806870 0.496576 1.212642 0.183644 1.865086 1.249822 0.461410
1.923632 1.076368 0.076368 0.923632 0.898129 1.444128 0.199505 1.225236 1.969646 1.742457 0.365660 1.759226 1.271627 0.590726 1.473712 0.000000 0.504184 0.033196 1.287915 0.262530 0.323497 0.826869 1.777838 1.484815 0.480002 1.468135 1.889050 0.680883 0.758764 0.196658 1.766409 0.957397 0.812538 1.750868 1.713637 0.804948 1.060582 0.605392 0.406988 0.884823 1.686116 1.449281 1.928752 0.666842 0.977135 1.313647 1.657355 0.391374 1.276467 1.012302
1.572184 0.572184 0.427816 1.427816 1.402313 0.939944 0.304679 1.729420 1.526170 1.753359 0.869844 1.255042 0.767443 0.086542 1.977896 0.504184 0.000000 0.537380 1.792099 0.241654 0.180687 1.331053 1.717978 0.980631 0.024182 0.963951 1.606766 0.176699 0.254580 0.700842 1.262225 1.461581 0.308354 1.744948 1.782179 1.309132 1.564766 1.109576 0.911172 0.380639 1.809700 0.945097 1.424568 1.171026 1.481319 0.809463 1.838461 0.112810 0.772283 1.516486
1.890436 1.109564 0.109564 0.890436 0.864932 1.477325 0.232701 1.192040 1.936450 1.709260 0.332463 1.792422 1.304824 0.623923 1.440515 0.033196 0.537380 0.000000 1.254719 0.295726 0.356693 0.793673 1.744642 1.518011 0.513198 1.501331 1.855854 0.714080 0.791960 0.163461 1.799605 0.924201 0.845734 1.717672 1.680441 0.771752 1.027385 0.572195 0.373791 0.918019 1.652919 1.482478 1.961948 0.633646 0.943939 1.346843 1.624159 0.424570 1.309663 0.979105
0.635717 1.635717 1.364283 0.364283 0.389786 1.267957 1.487420 0.062679 0.681731 0.454541 0.922255 0.952859 1.440457 1.878641 0.185796 1.287915 1.792099 1.254719 0.000000 1.550445 1.611412 0.461046 0.489923 1.227270 1.767917 1.243950 0.601135 1.968798 1.953321 1.091258 0.945676 0.330518 1.899547 0.462953 0.425722 0.482967 0.227333 0.682524 0.880928 1.827262 0.398200 1.262804 0.783333 0.621073 0.310780 1.398438 0.369440 1.679289 1.435618 0.275614
1.813838 0.813838 0.186162 1.186162 1.160659 1.181598 0.063025 1.487766 1.767824 1.995014 0.628190 1.496696 1.009098 0.328196 1.736242 0.262530 0.241654 0.295726 1.550445 0.000000 0.060967 1.089399 1.959632 1.222285 0.217472 1.205605 1.848420 0.418353 0.496234 0.459188 1.503879 1.219927 0.550008 1.986602 1.976167 1.067478 1.323112 0.867922 0.669517 0.622293 1.948645 1.186751 1.666222 0.929372 1.239665 1.051117 1.919885 0.128844 1.013937 1.274832
1.752871 0.752871 0.247129 1.247129 1.221626 1.120631 0.123992 1.548733 1.706857 1.934046 0.689157 1.435728 0.948130 0.267229 1.797209 0.323497 0.180687 0.356693 1.611412 0.060967 0.000000 1.150366 1.898665 1.161317 0.156505 1.144638 1.787453 0.357386 0.435267 0.520155 1.442912 1.280894 0.489041 1.925635 1.962866 1.128445 1.384079 0.928889 0.730485 0.561326 1.990387 1.125784 1.605255 0.990339 1.300632 0.990150 1.980852 0.067877 0.952970 1.335799
1.096763 1.903237 0.903237 0.096763 0.071260 1.729003 1.026374 0.398367 1.142777 0.915587 0.461209 1.413905 1.901503 1.417595 0.646842 0.826869 1.331053 0.793673 0.461046 1.089399 1.150366 0.000000 0.950969 1.688316 1.306871 1.704996 1.062181 1.507752 1.585633 0.630212 1.406722 0.130528 1.639407 0.923999 0.886768 0.021921 0.233713 0.221478 0.419882 1.711692 0.859246 1.723850 1.244379 0.160027 0.150266 1.859484 0.830486 1.218243 1.896664 0.185432
0.145794 1.145794 1.854206 0.854206 0.879709 0.778034 1.977343 0.552602 0.191808 0.035382 1.412178 0.462936 0.950534 1.631436 0.304127 1.777838 1.717978 1.744642 0.489923 1.959632 1.898665 0.950969 0.000000 0.737347 1.742160 0.754027 0.111212 1.541279 1.463398 1.581181 0.455753 0.820441 1.409624 0.026970 0.064201 0.972890 0.717256 1.172447 1.370851 1.337339 0.091723 0.772881 0.293410 1.110996 0.800703 0.908515 0.120483 1.830788 0.945695 0.765537
0.591553 0.408447 1.408447 1.591553 1.617057 0.040686 1.285310 1.289950 0.545539 0.772729 1.850474 0.274411 0.213187 0.894088 1.041474 1.484815 0.980631 1.518011 1.227270 1.222285 1.161317 1.688316 0.737347 0.000000 1.004813 0.016680 0.626135 0.803931 0.726051 1.681472 0.281594 1.557789 0.672276 0.764318 0.801549 1.710237 1.454604 1.909794 1.891802 0.599992 0.829070 0.035533 0.443938 1.848343 1.538050 0.171168 0.857830 1.093441 0.208348 1.502884
1.596366 0.596366 0.403634 1.403634 1.378130 0.964127 0.280497 1.705238 1.550352 1.777542 0.845661 1.279224 0.791626 0.110725 1.953713 0.480002 0.024182 0.513198 1.767917 0.217472 0.156505 1.306871 1.742160 1.004813 0.000000 0.988133 1.630948 0.200882 0.278762 0.676659 1.286407 1.437399 0.332536 1.769131 1.806361 1.284950 1.540583 1.085393 0.886989 0.404821 1.833883 0.969280 1.448750 1.146844 1.457137 0.833645 1.862643 0.088628 0.796465 1.492303
0.608233 0.391767 1.391767 1.608233 1.633736 0.024006 1.268630 1.306629 0.562219 0.789409 1.833794 0.291091 0.196507 0.877408 1.058154 1.468135 0.963951 1.501331 1.243950 1.205605 1.144638 1.704996 0.754027 0.016680 0.988133 0.000000 0.642815 0.787251 0.709371 1.664792 0.298274 1.574468 0.655597 0.780997 0.818228 1.726917 1.471283 1.926474 1.875122 0.583312 0.845750 0.018853 0.460617 1.865023 1.554730 0.154488 0.874510 1.076761 0.191668 1.519564
0.034582 1.034582 1.965418 0.965418 0.990922 0.666821 1.911445 0.663814 0.080596 0.146594 1.523391 0.351724 0.839322 1.520223 0.415339 1.889050 1.606766 1.855854 0.601135 1.848420 1.787453 1.062181 0.111212 0.626135 1.630948 0.642815 0.000000 1.430066 1.352186 1.692393 0.344541 0.931653 1.298412 0.138182 0.175413 1.084102 0.828468 1.283659 1.482063 1.226127 0.202935 0.661668 0.182198 1.222208 0.911915 0.797303 0.231695 1.719576 0.834483 0.876749
1.395485 0.395485 0.604515 1.604515 1.579012 0.763245 0.481378 1.906119 1.349471 1.576660 1.046543 1.078342 0.590744 0.090157 1.845405 0.680883 0.176699 0.714080 1.968798 0.418353 0.357386 1.507752 1.541279 0.803931 0.200882 0.787251 1.430066 0.000000 0.077880 0.877541 1.085526 1.638280 0.131655 1.568249 1.605480 1.485832 1.741465 1.286275 1.087871 0.203939 1.633001 0.768398 1.247869 1.347725 1.658019 0.632763 1.661762 0.289509 0.595584 1.693185
1.317604 0.317604 0.682396 1.682396 1.656892 0.685365 0.559259 1.983999 1.271590 1.498780 1.124423 1.000462 0.512864 0.168037 1.767525 0.758764 0.254580 0.791960 1.953321 0.496234 0.435267 1.585633 1.463398 0.726051 0.278762 0.709371 1.352186 0.077880 0.000000 0.955421 1.007645 1.716160 0.053775 1.490369 1.527600 1.563712 1.819345 1.364155 1.165751 0.126059 1.555121 0.690518 1.169988 1.425606 1.735899 0.554883 1.583881 0.367390 0.517703 1.771065
1.726974 1.273026 0.273026 0.726974 0.701471 1.640786 0.396163 1.028578 1.772989 1.545799 0.169002 1.955883 1.468285 0.787384 1.277054 0.196658 0.700842 0.163461 1.091258 0.459188 0.520155 0.630212 1.581181 1.681472 0.676659 1.664792 1.692393 0.877541 0.955421 0.000000 1.963066 0.760739 1.009196 1.554210 1.516979 0.608291 0.863924 0.408734 0.210330 1.081480 1.489458 1.645939 1.874590 0.470184 0.780478 1.510304 1.460698 0.588032 1.473124 0.815644
0.309959 0.690041 1.690041 1.309959 1.335462 0.322281 1.566904 1.008355 0.263945 0.491135 1.867931 0.007183 0.494781 1.175682 0.759880 1.766409 1.262225 1.799605 0.945676 1.503879 1.442912 1.406722 0.455753 0.281594 1.286407 0.298274 0.344541 1.085526 1.007645 1.963066 0.000000 1.276194 0.953871 0.482723 0.519954 1.428643 1.173009 1.628200 1.826604 0.881586 0.547476 0.317127 0.162343 1.566749 1.256456 0.452762 0.576236 1.375035 0.489942 1.221290
0.966235 1.966235 1.033765 0.033765 0.059268 1.598475 1.156902 0.267839 1.012249 0.785060 0.591737 1.283378 1.770976 1.548123 0.516315 0.957397 1.461581 0.924201 0.330518 1.219927 1.280894 0.130528 0.820441 1.557789 1.437399 1.574468 0.931653 1.638280 1.716160 0.760739 1.276194 0.000000 1.769935 0.793471 0.756240 0.152449 0.103185 0.352005 0.550409 1.842220 0.728719 1.593322 1.113851 0.290555 0.019739 1.728956 0.699958 1.348771 1.766136 0.054905
1.263830 0.263830 0.736170 1.736170 1.710667 0.631590 0.613033 1.962226 1.217816 1.445005 1.178198 0.946687 0.459089 0.221812 1.713750 0.812538 0.308354 0.845734 1.899547 0.550008 0.489041 1.639407 1.409624 0.672276 0.332536 0.655597 1.298412 0.131655 0.053775 1.009196 0.953871 1.769935 0.000000 1.436594 1.473825 1.617486 1.873120 1.417930 1.219526 0.072285 1.501346 0.636743 1.116214 1.479380 1.789674 0.501109 1.530107 0.421164 0.463929 1.824840
0.172764 1.172764 1.827236 0.827236 0.852739 0.805004 1.950373 0.525632 0.218778 0.008411 1.385208 0.489907 0.977505 1.658406 0.277156 1.750868 1.744948 1.717672 0.462953 1.986602 1.925635 0.923999 0.026970 0.764318 1.769131 0.780997 0.138182 1.568249 1.490369 1.554210 0.482723 0.793471 1.436594 0.000000 0.037231 0.945919 0.690286 1.145476 1.343880 1.364309 0.064752 0.799851 0.320380 1.084026 0.773732 0.935485 0.093513 1.857758 0.972665 0.738566
0.209995 1.209995 1.790005 0.790005 0.815508 0.842235 1.913142 0.488401 0.256009 0.028820 1.347977 0.527138 1.014736 1.695637 0.239925 1.713637 1.782179 1.680441 0.425722 1.976167 1.962866 0.886768 0.064201 0.801549 1.806361 0.818228 0.175413 1.605480 1.527600 1.516979 0.519954 0.756240 1.473825 0.037231 0.000000 0.908689 0.653055 1.108245 1.306649 1.401540 0.027521 0.837082 0.357611 1.046795 0.736502 0.972716 0.056282 1.894989 1.009896 0.701335
1.118684 1.881316 0.881316 0.118684 0.093180 1.750923 1.004453 0.420288 1.164698 0.937508 0.439289 1.435826 1.923424 1.395675 0.668763 0.804948 1.309132 0.771752 0.482967 1.067478 1.128445 0.021921 0.972890 1.710237 1.284950 1.726917 1.084102 1.485832 1.563712 0.608291 1.428643 0.152449 1.617486 0.945919 0.908689 0.000000 0.255633 0.199557 0.397961 1.689771 0.881167 1.745770 1.266300 0.138106 0.172187 1.881405 0.852407 1.196322 1.918585 0.207353
0.863050 1.863050 1.136950 0.136950 0.162453 1.495290 1.260087 0.164654 0.909064 0.681875 0.694922 1.180193 1.667791 1.651308 0.413130 1.060582 1.564766 1.027385 0.227333 1.323112 1.384079 0.233713 0.717256 1.454604 1.540583 1.471283 0.828468 1.741465 1.819345 0.863924 1.173009 0.103185 1.873120 0.690286 0.653055 0.255633 0.000000 0.455190 0.653594 1.945405 0.625534 1.490137 1.010666 0.393740 0.083446 1.625771 0.596773 1.451956 1.662951 0.048280
1.318240 1.681760 0.681760 0.318240 0.292737 1.950480 0.804897 0.619844 1.364254 1.137065 0.239732 1.635383 1.877019 1.196118 0.868320 0.605392 1.109576 0.572195 0.682524 0.867922 0.928889 0.221478 1.172447 1.909794 1.085393 1.926474 1.283659 1.286275 1.364155 0.408734 1.628200 0.352005 1.417930 1.145476 1.108245 0.199557 0.455190 0.000000 0.198404 1.490214 1.080724 1.945327 1.465856 0.061450 0.371744 1.919038 1.051964 0.996766 1.881859 0.406910
1.516644 1.483356 0.483356 0.516644 0.491141 1.851116 0.606493 0.818248 1.562659 1.335469 0.041328 1.833787 1.678615 0.997714 1.066724 0.406988 0.911172 0.373791 0.880928 0.669517 0.730485 0.419882 1.370851 1.891802 0.886989 1.875122 1.482063 1.087871 1.165751 0.210330 1.826604 0.550409 1.219526 1.343880 1.306649 0.397961 0.653594 0.198404 0.000000 1.291810 1.279128 1.856269 1.664260 0.259855 0.570148 1.720634 1.250368 0.798361 1.683454 0.605314
1.191545 0.191545 0.808455 1.808455 1.782952 0.559306 0.685318 1.889941 1.145531 1.372721 1.250482 0.874403 0.386805 0.294096 1.641466 0.884823 0.380639 0.918019 1.827262 0.622293 0.561326 1.711692 1.337339 0.599992 0.404821 0.583312 1.226127 0.203939 0.126059 1.081480 0.881586 1.842220 0.072285 1.364309 1.401540 1.689771 1.945405 1.490214 1.291810 0.000000 1.429062 0.564459 1.043929 1.551665 1.861958 0.428824 1.457822 0.493449 0.391644 1.897124
0.237516 1.237516 1.762484 0.762484 0.787987 0.869756 1.885621 0.460880 0.283531 0.056341 1.320456 0.554659 1.042257 1.723158 0.212404 1.686116 1.809700 1.652919 0.398200 1.948645 1.990387 0.859246 0.091723 0.829070 1.833883 0.845750 0.202935 1.633001 1.555121 1.489458 0.547476 0.728719 1.501346 0.064752 0.027521 0.881167 0.625534 1.080724 1.279128 1.429062 0.000000 0.864603 0.385132 1.019274 0.708980 1.000238 0.028760 1.922510 1.037418 0.673814
0.627087 0.372913 1.372913 1.627087 1.652590 0.005153 1.249776 1.325483 0.581073 0.808262 1.814941 0.309944 0.177654 0.858555 1.077007 1.449281 0.945097 1.482478 1.262804 1.186751 1.125784 1.723850 0.772881 0.035533 0.969280 0.018853 0.661668 0.768398 0.690518 1.645939 0.317127 1.593322 0.636743 0.799851 0.837082 1.745770 1.490137 1.945327 1.856269 0.564459 0.864603 0.000000 0.479471 1.883877 1.573583 0.135635 0.893364 1.057907 0.172814 1.538417
0.147616 0.852384 1.852384 1.147616 1.173119 0.484624 1.729247 0.846012 0.101602 0.328791 1.705588 0.169527 0.657125 1.338026 0.597536 1.928752 1.424568 1.961948 0.783333 1.666222 1.605255 1.244379 0.293410 0.443938 1.448750 0.460617 0.182198 1.247869 1.169988 1.874590 0.162343 1.113851 1.116214 0.320380 0.357611 1.266300 1.010666 1.465856 1.664260 1.043929 0.385132 0.479471 0.000000 1.404406 1.094113 0.615105 0.413893 1.537378 0.652285 1.058946
1.256790 1.743210 0.743210 0.256790 0.231287 1.889030 0.866347 0.558394 1.302804 1.075615 0.301182 1.573932 1.938469 1.257568 0.806870 0.666842 1.171026 0.633646 0.621073 0.929372 0.990339 0.160027 1.110996 1.848343 1.146844 1.865023 1.222208 1.347725 1.425606 0.470184 1.566749 0.290555 1.479380 1.084026 1.046795 0.138106 0.393740 0.061450 0.259855 1.551665 1.019274 1.883877 1.404406 0.000000 0.310293 1.980489 0.990513 1.058216 1.943309 0.345460
0.946497 1.946497 1.053503 0.053503 0.079007 1.578736 1.176640 0.248100 0.992511 0.765321 0.611476 1.263639 1.751237 1.567862 0.496576 0.977135 1.481319 0.943939 0.310780 1.239665 1.300632 0.150266 0.800703 1.538050 1.457137 1.554730 0.911915 1.658019 1.735899 0.780478 1.256456 0.019739 1.789674 0.773732 0.736502 0.172187 0.083446 0.371744 0.570148 1.861958 0.708980 1.573583 1.094113 0.310293 0.000000 1.709218 0.680220 1.368509 1.746398 0.035166
0.762721 0.237279 1.237279 1.762721 1.788224 0.130482 1.114142 1.461117 0.716707 0.943897 1.679306 0.445579 0.042019 0.722920 1.212642 1.313647 0.809463 1.346843 1.398438 1.051117 0.990150 1.859484 0.908515 0.171168 0.833645 0.154488 0.797303 0.632763 0.554883 1.510304 0.452762 1.728956 0.501109 0.935485 0.972716 1.881405 1.625771 1.919038 1.720634 0.428824 1.000238 0.135635 0.615105 1.980489 1.709218 0.000000 1.028998 0.922273 0.037180 1.674052
0.266277 1.266277 1.733723 0.733723 0.759226 0.898517 1.856860 0.432119 0.312291 0.085101 1.291695 0.583419 1.071017 1.751919 0.183644 1.657355 1.838461 1.624159 0.369440 1.919885 1.980852 0.830486 0.120483 0.857830 1.862643 0.874510 0.231695 1.661762 1.583881 1.460698 0.576236 0.699958 1.530107 0.093513 0.056282 0.852407 0.596773 1.051964 1.250368 1.457822 0.028760 0.893364 0.413893 0.990513 0.680220 1.028998 0.000000 1.951271 1.066178 0.645054
1.684994 0.684994 0.315006 1.315006 1.289503 1.052754 0.191869 1.616610 1.638980 1.866169 0.757034 1.367852 0.880253 0.199352 1.865086 0.391374 0.112810 0.424570 1.679289 0.128844 0.067877 1.218243 1.830788 1.093441 0.088628 1.076761 1.719576 0.289509 0.367390 0.588032 1.375035 1.348771 0.421164 1.857758 1.894989 1.196322 1.451956 0.996766 0.798361 0.493449 1.922510 1.057907 1.537378 1.058216 1.368509 0.922273 1.951271 0.000000 0.885093 1.403676
0.799901 0.200099 1.200099 1.799901 1.825404 0.167661 1.076962 1.498297 0.753887 0.981077 1.642127 0.482759 0.004839 0.685741 1.249822 1.276467 0.772283 1.309663 1.435618 1.013937 0.952970 1.896664 0.945695 0.208348 0.796465 0.191668 0.834483 0.595584 0.517703 1.473124 0.489942 1.766136 0.463929 0.972665 1.009896 1.918585 1.662951 1.881859 1.683454 0.391644 1.037418 0.172814 0.652285 1.943309 1.746398 0.037180 1.066178 0.885093 0.000000 1.711232
0.911330 1.911330 1.088670 0.088670 0.114173 1.543570 1.211807 0.212934 0.957345 0.730155 0.646642 1.228473 1.716071 1.603028 0.461410 1.012302 1.516486 0.979105 0.275614 1.274832 1.335799 0.185432 0.765537 1.502884 1.492303 1.519564 0.876749 1.693185 1.771065 0.815644 1.221290 0.054905 1.824840 0.738566 0.701335 0.207353 0.048280 0.406910 0.605314 1.897124 0.673814 1.538417 1.058946 0.345460 0.035166 1.674052 0.645054 1.403676 1.711232 0.000000
