35
0.000000 1.000000 2.000000 1.000000 1.608778 0.575261 1.882320 1.885039 1.121605 1.443272 1.250110 0.739295 0.858855 0.729812 0.619486 0.433651 0.483218 0.517064 0.497562 1.147723 0.523580 0.507292 1.272566 0.132219 0.875766 1.248180 0.729567 0.442333 1.344227 1.920111 0.577285 0.175972 1.417439 0.084131 1.972322
1.000000 0.000000 1.000000 2.000000 0.608778 0.424739 0.882320 1.114961 1.878395 0.443272 0.250110 0.260705 0.141145 1.729812 1.619486 1.433651 1.483218 0.482936 0.502438 0.147723 0.476420 0.492708 0.272566 0.867781 1.875766 1.751820 1.729567 0.557667 1.655773 1.079889 1.577285 0.824028 1.582561 1.084131 1.027678
2.000000 1.000000 0.000000 1.000000 0.391222 1.424739 0.117680 0.114961 0.878395 0.556728 0.749890 1.260705 1.141145 1.270188 1.380514 1.566349 1.516782 1.482936 1.502438 0.852277 1.476420 1.492708 0.727434 1.867781 1.124234 0.751820 1.270433 1.557667 0.655773 0.079889 1.422715 1.824028 0.582561 1.915869 0.027678
1.000000 2.000000 1.000000 0.000000 1.391222 1.575261 1.117680 0.885039 0.121605 1.556728 1.749890 1.739295 1.858855 0.270188 0.380514 0.566349 0.516782 1.517064 1.497562 1.852277 1.523580 1.507292 1.727434 1.132219 0.124234 0.248180 0.270433 1.442333 0.344227 0.920111 0.422715 1.175972 0.417439 0.915869 0.972322
1.608778 0.608778 0.391222 1.391222 0.000000 1.033517 0.273542 0.506183 1.269617 0.165506 0.358668 0.869484 0.749923 1.661409 1.771736 1.957571 1.908003 1.091714 1.111217 0.461055 1.085198 1.101486 0.336212 1.476559 1.515456 1.143042 1.661655 1.166445 1.046994 0.471110 1.813937 1.432806 0.973782 1.692909 0.418900
0.575261 0.424739 1.424739 1.575261 1.033517 0.000000 1.307059 1.539700 1.696865 0.868011 0.674849 0.164034 0.283594 1.305073 1.194747 1.008912 1.058479 0.058197 0.077699 0.572462 0.051681 0.067968 0.697305 0.443042 1.451027 1.823441 1.304828 0.132928 1.919488 1.504628 1.152546 0.399289 1.992700 0.659392 1.452417
1.882320 0.882320 0.117680 1.117680 0.273542 1.307059 0.000000 0.232641 0.996076 0.439048 0.632210 1.143025 1.023465 1.387868 1.498194 1.684029 1.634462 1.365256 1.384758 0.734597 1.358740 1.375028 0.609754 1.750101 1.241914 0.869500 1.388113 1.439987 0.773453 0.197569 1.540395 1.706348 0.700241 1.966451 0.145358
1.885039 1.114961 0.114961 0.885039 0.506183 1.539700 0.232641 0.000000 0.763435 0.671689 0.864851 1.375666 1.256106 1.155227 1.265553 1.451388 1.401821 1.597897 1.617399 0.967238 1.591381 1.607669 0.842395 1.982742 1.009273 0.636859 1.155472 1.672628 0.540812 0.035072 1.307754 1.938989 0.467600 1.800908 0.087283
1.121605 1.878395 0.878395 0.121605 1.269617 1.696865 0.996076 0.763435 0.000000 1.435124 1.628285 1.860899 1.980460 0.391792 0.502119 0.687954 0.638386 1.638668 1.619166 1.730672 1.645184 1.628897 1.605829 1.253823 0.245838 0.126576 0.392037 1.563937 0.222623 0.798507 0.544320 1.297577 0.295835 1.037474 0.850717
1.443272 0.443272 0.556728 1.556728 0.165506 0.868011 0.439048 0.671689 1.435124 0.000000 0.193162 0.703977 0.584417 1.826916 1.937242 1.876923 1.926490 0.926208 0.945710 0.295549 0.919692 0.935980 0.170706 1.311053 1.680962 1.308548 1.827161 1.000939 1.212501 0.636617 1.979443 1.267300 1.139289 1.527403 0.584406
1.250110 0.250110 0.749890 1.749890 0.358668 0.674849 0.632210 0.864851 1.628285 0.193162 0.000000 0.510815 0.391255 1.979923 1.869596 1.683761 1.733329 0.733046 0.752548 0.102387 0.726530 0.742818 0.022456 1.117891 1.874124 1.501710 1.979677 0.807777 1.405663 0.829779 1.827395 1.074138 1.332450 1.334241 0.777568
0.739295 0.260705 1.260705 1.739295 0.869484 0.164034 1.143025 1.375666 1.860899 0.703977 0.510815 0.000000 0.119560 1.469107 1.358781 1.172945 1.222513 0.222231 0.241733 0.408429 0.215715 0.232002 0.533271 0.607076 1.615061 1.987475 1.468862 0.296962 1.916478 1.340594 1.316579 0.563323 1.843266 0.823425 1.288384
0.858855 0.141145 1.141145 1.858855 0.749923 0.283594 1.023465 1.256106 1.980460 0.584417 0.391255 0.119560 0.000000 1.588668 1.478341 1.292506 1.342074 0.341791 0.361293 0.288868 0.335275 0.351563 0.413711 0.726636 1.734621 1.892965 1.588422 0.416522 1.796918 1.221034 1.436140 0.682883 1.723705 0.942986 1.168823
0.729812 1.729812 1.270188 0.270188 1.661409 1.305073 1.387868 1.155227 0.391792 1.826916 1.979923 1.469107 1.588668 0.000000 0.110326 0.296162 0.246594 1.246876 1.227374 1.877536 1.253392 1.237105 1.997621 0.862031 0.145954 0.518368 0.000245 1.172145 0.614415 1.190299 0.152528 0.905784 0.687627 0.645682 1.242509
0.619486 1.619486 1.380514 0.380514 1.771736 1.194747 1.498194 1.265553 0.502119 1.937242 1.869596 1.358781 1.478341 0.110326 0.000000 0.185835 0.136267 1.136550 1.117048 1.767209 1.143066 1.126778 1.892052 0.751705 0.256280 0.628694 0.110081 1.061819 0.724741 1.300625 0.042201 0.795458 0.797954 0.535355 1.352836
0.433651 1.433651 1.566349 0.566349 1.957571 1.008912 1.684029 1.451388 0.687954 1.876923 1.683761 1.172945 1.292506 0.296162 0.185835 0.000000 0.049568 0.950715 0.931213 1.581374 0.957231 0.940943 1.706217 0.565870 0.442115 0.814529 0.295916 0.875984 0.910577 1.486461 0.143634 0.609623 0.983789 0.349520 1.538671
0.483218 1.483218 1.516782 0.516782 1.908003 1.058479 1.634462 1.401821 0.638386 1.926490 1.733329 1.222513 1.342074 0.246594 0.136267 0.049568 0.000000 1.000282 0.980780 1.630942 1.006798 0.990511 1.755785 0.615437 0.392548 0.764962 0.246349 0.925551 0.861009 1.436893 0.094066 0.659191 0.934221 0.399088 1.489103
0.517064 0.482936 1.482936 1.517064 1.091714 0.058197 1.365256 1.597897 1.638668 0.926208 0.733046 0.222231 0.341791 1.246876 1.136550 0.950715 1.000282 0.000000 0.019502 0.630659 0.006516 0.009772 0.755502 0.384845 1.392830 1.765244 1.246631 0.074731 1.861291 1.562825 1.094349 0.341092 1.934503 0.601195 1.510614
0.497562 0.502438 1.502438 1.497562 1.111217 0.077699 1.384758 1.617399 1.619166 0.945710 0.752548 0.241733 0.361293 1.227374 1.117048 0.931213 0.980780 0.019502 0.000000 0.650162 0.026018 0.009731 0.775004 0.365343 1.373328 1.745742 1.227129 0.055229 1.841789 1.582327 1.074847 0.321590 1.915001 0.581693 1.530116
1.147723 0.147723 0.852277 1.852277 0.461055 0.572462 0.734597 0.967238 1.730672 0.295549 0.102387 0.408429 0.288868 1.877536 1.767209 1.581374 1.630942 0.630659 0.650162 0.000000 0.624144 0.640431 0.124843 1.015504 1.976510 1.604097 1.877290 0.705390 1.508049 0.932165 1.725008 0.971751 1.434837 1.231854 0.879955
0.523580 0.476420 1.476420 1.523580 1.085198 0.051681 1.358740 1.591381 1.645184 0.919692 0.726530 0.215715 0.335275 1.253392 1.143066 0.957231 1.006798 0.006516 0.026018 0.624144 0.000000 0.016287 0.748986 0.391361 1.399346 1.771760 1.253147 0.081247 1.867807 1.556309 1.100865 0.347608 1.941019 0.607711 1.504098
0.507292 0.492708 1.492708 1.507292 1.101486 0.067968 1.375028 1.607669 1.628897 0.935980 0.742818 0.232002 0.351563 1.237105 1.126778 0.940943 0.990511 0.009772 0.009731 0.640431 0.016287 0.000000 0.765274 0.375073 1.383059 1.755473 1.236859 0.064959 1.851520 1.572596 1.084577 0.331320 1.924732 0.591423 1.520386
1.272566 0.272566 0.727434 1.727434 0.336212 0.697305 0.609754 0.842395 1.605829 0.170706 0.022456 0.533271 0.413711 1.997621 1.892052 1.706217 1.755785 0.755502 0.775004 0.124843 0.748986 0.765274 0.000000 1.140347 1.851668 1.479254 1.997867 0.830233 1.383207 0.807323 1.849851 1.096594 1.309994 1.356697 0.755112
0.132219 0.867781 1.867781 1.132219 1.476559 0.443042 1.750101 1.982742 1.253823 1.311053 1.117891 0.607076 0.726636 0.862031 0.751705 0.565870 0.615437 0.384845 0.365343 1.015504 0.391361 0.375073 1.140347 0.000000 1.007985 1.380399 0.861786 0.310114 1.476446 1.947670 0.709504 0.043753 1.549658 0.216350 1.895459
0.875766 1.875766 1.124234 0.124234 1.515456 1.451027 1.241914 1.009273 0.245838 1.680962 1.874124 1.615061 1.734621 0.145954 0.256280 0.442115 0.392548 1.392830 1.373328 1.976510 1.399346 1.383059 1.851668 1.007985 0.000000 0.372414 0.146199 1.318099 0.468461 1.044345 0.298481 1.051738 0.541673 0.791635 1.096556
1.248180 1.751820 0.751820 0.248180 1.143042 1.823441 0.869500 0.636859 0.126576 1.308548 1.501710 1.987475 1.892965 0.518368 0.628694 0.814529 0.764962 1.765244 1.745742 1.604097 1.771760 1.755473 1.479254 1.380399 0.372414 0.000000 0.518613 1.690513 0.096047 0.671931 0.670895 1.424152 0.169259 1.164049 0.724142
0.729567 1.729567 1.270433 0.270433 1.661655 1.304828 1.388113 1.155472 0.392037 1.827161 1.979677 1.468862 1.588422 0.000245 0.110081 0.295916 0.246349 1.246631 1.227129 1.877290 1.253147 1.236859 1.997867 0.861786 0.146199 0.518613 0.000000 1.171900 0.614660 1.190544 0.152282 0.905539 0.687872 0.645436 1.242755
0.442333 0.557667 1.557667 1.442333 1.166445 0.132928 1.439987 1.672628 1.563937 1.000939 0.807777 0.296962 0.416522 1.172145 1.061819 0.875984 0.925551 0.074731 0.055229 0.705390 0.081247 0.064959 0.830233 0.310114 1.318099 1.690513 1.171900 0.000000 1.786560 1.637556 1.019618 0.266361 1.859772 0.526464 1.585345
1.344227 1.655773 0.655773 0.344227 1.046994 1.919488 0.773453 0.540812 0.222623 1.212501 1.405663 1.916478 1.796918 0.614415 0.724741 0.910577 0.861009 1.861291 1.841789 1.508049 1.867807 1.851520 1.383207 1.476446 0.468461 0.096047 0.614660 1.786560 0.000000 0.575884 0.766943 1.520199 0.073212 1.260096 0.628095
1.920111 1.079889 0.079889 0.920111 0.471110 1.504628 0.197569 0.035072 0.798507 0.636617 0.829779 1.340594 1.221034 1.190299 1.300625 1.486461 1.436893 1.562825 1.582327 0.932165 1.556309 1.572596 0.807323 1.947670 1.044345 0.671931 1.190544 1.637556 0.575884 0.000000 1.342827 1.903917 0.502672 1.835980 0.052211
0.577285 1.577285 1.422715 0.422715 1.813937 1.152546 1.540395 1.307754 0.544320 1.979443 1.827395 1.316579 1.436140 0.152528 0.042201 0.143634 0.094066 1.094349 1.074847 1.725008 1.100865 1.084577 1.849851 0.709504 0.298481 0.670895 0.152282 1.019618 0.766943 1.342827 0.000000 0.753257 0.840155 0.493154 1.395037
0.175972 0.824028 1.824028 1.175972 1.432806 0.399289 1.706348 1.938989 1.297577 1.267300 1.074138 0.563323 0.682883 0.905784 0.795458 0.609623 0.659191 0.341092 0.321590 0.971751 0.347608 0.331320 1.096594 0.043753 1.051738 1.424152 0.905539 0.266361 1.520199 1.903917 0.753257 0.000000 1.593412 0.260103 1.851706
1.417439 1.582561 0.582561 0.417439 0.973782 1.992700 0.700241 0.467600 0.295835 1.139289 1.332450 1.843266 1.723705 0.687627 0.797954 0.983789 0.934221 1.934503 1.915001 1.434837 1.941019 1.924732 1.309994 1.549658 0.541673 0.169259 0.687872 1.859772 0.073212 0.502672 0.840155 1.593412 0.000000 1.333309 0.554882
0.084131 1.084131 1.915869 0.915869 1.692909 0.659392 1.966451 1.800908 1.037474 1.527403 1.334241 0.823425 0.942986 0.645682 0.535355 0.349520 0.399088 0.601195 0.581693 1.231854 0.607711 0.591423 1.356697 0.216350 0.791635 1.164049 0.645436 0.526464 1.260096 1.835980 0.493154 0.260103 1.333309 0.000000 1.888191
1.972322 1.027678 0.027678 0.972322 0.418900 1.452417 0.145358 0.087283 0.850717 0.584406 0.777568 1.288384 1.168823 1.242509 1.352836 1.538671 1.489103 1.510614 1.530116 0.879955 1.504098 1.520386 0.755112 1.895459 1.096556 0.724142 1.242755 1.585345 0.628095 0.052211 1.395037 1.851706 0.554882 1.888191 0.000000
