30
0.000000 1.000000 2.000000 1.000000 0.277289 1.083480 0.188596 1.241212 0.028601 1.948926 1.385074 0.023230 0.745586 1.739450 0.906382 1.933972 0.063006 0.763773 1.441983 1.553499 0.830893 1.620743 0.865580 1.648127 1.654470 1.780995 0.221857 0.307912 1.390083 1.070634
1.000000 0.000000 1.000000 2.000000 1.277289 0.083480 1.188596 1.758788 1.028601 0.948926 1.614926 1.023230 0.254414 1.260550 1.906382 1.066028 1.063006 0.236227 1.558017 0.553499 1.830893 0.620743 1.865580 1.351873 0.654470 0.780995 0.778143 1.307912 1.609917 0.070634
2.000000 1.000000 0.000000 1.000000 1.722711 0.916520 1.811404 0.758788 1.971399 0.051074 0.614926 1.976770 1.254414 0.260550 1.093618 0.066028 1.936994 1.236227 0.558017 0.446501 1.169107 0.379257 1.134420 0.351873 0.345530 0.219005 1.778143 1.692088 0.609917 0.929366
1.000000 2.000000 1.000000 0.000000 0.722711 1.916520 0.811404 0.241212 0.971399 1.051074 0.385074 0.976770 1.745586 0.739450 0.093618 0.933972 0.936994 1.763773 0.441983 1.446501 0.169107 1.379257 0.134420 0.648127 1.345530 1.219005 1.221857 0.692088 0.390083 1.929366
0.277289 1.277289 1.722711 0.722711 0.000000 1.360769 0.088693 0.963923 0.248688 1.773785 1.107785 0.254060 1.022876 1.462160 0.629093 1.656683 0.214283 1.041063 1.164694 1.830788 0.553604 1.898033 0.588290 1.370838 1.931759 1.941715 0.499147 0.030623 1.112794 1.347923
1.083480 0.083480 0.916520 1.916520 1.360769 0.000000 1.272076 1.675308 1.112081 0.865446 1.531446 1.106710 0.337894 1.177070 1.989862 0.982548 1.146486 0.319707 1.474537 0.470019 1.914373 0.537263 1.949060 1.268393 0.570990 0.697515 0.861623 1.391392 1.526437 0.012846
0.188596 1.188596 1.811404 0.811404 0.088693 1.272076 0.000000 1.052616 0.159995 1.862479 1.196478 0.165366 0.934182 1.550854 0.717787 1.745376 0.125590 0.952369 1.253387 1.742094 0.642297 1.809339 0.676984 1.459532 1.843065 1.969591 0.410453 0.119316 1.201487 1.259230
1.241212 1.758788 0.758788 0.241212 0.963923 1.675308 1.052616 0.000000 1.212611 0.809862 0.143862 1.217982 1.986798 0.498238 0.334830 0.692760 1.178206 1.995015 0.200771 1.205289 0.410319 1.138045 0.375632 0.406915 1.104318 0.977793 1.463069 0.933300 0.148871 1.688154
0.028601 1.028601 1.971399 0.971399 0.248688 1.112081 0.159995 1.212611 0.000000 1.977526 1.356473 0.005371 0.774187 1.710849 0.877782 1.905371 0.034405 0.792374 1.413382 1.582099 0.802292 1.649344 0.836979 1.619526 1.683070 1.809596 0.250458 0.279311 1.361482 1.099235
1.948926 0.948926 0.051074 1.051074 1.773785 0.865446 1.862479 0.809862 1.977526 0.000000 0.666000 1.972155 1.203339 0.311625 1.144692 0.117103 1.988069 1.185152 0.609092 0.395427 1.220181 0.328182 1.185495 0.402947 0.294456 0.167930 1.727068 1.743162 0.660991 0.878292
1.385074 1.614926 0.614926 0.385074 1.107785 1.531446 1.196478 0.143862 1.356473 0.666000 0.000000 1.361844 1.869340 0.354376 0.478692 0.548898 1.322068 1.851153 0.056909 1.061427 0.554181 0.994183 0.519494 0.263053 0.960456 0.833931 1.606931 1.077162 0.005009 1.544292
0.023230 1.023230 1.976770 0.976770 0.254060 1.106710 0.165366 1.217982 0.005371 1.972155 1.361844 0.000000 0.768816 1.716220 0.883153 1.910742 0.039776 0.787003 1.418753 1.576728 0.807663 1.643973 0.842350 1.624898 1.677699 1.804225 0.245087 0.284683 1.366854 1.093864
0.745586 0.254414 1.254414 1.745586 1.022876 0.337894 0.934182 1.986798 0.774187 1.203339 1.869340 0.768816 0.000000 1.514964 1.651969 1.320442 0.808592 0.018187 1.812431 0.807912 1.576479 0.875157 1.611166 1.606286 0.908883 1.035409 0.523729 1.053499 1.864330 0.325048
1.739450 1.260550 0.260550 0.739450 1.462160 1.177070 1.550854 0.498238 1.710849 0.311625 0.354376 1.716220 1.514964 0.000000 0.833067 0.194522 1.676444 1.496777 0.297467 0.707052 0.908557 0.639807 0.873870 0.091322 0.606081 0.479555 1.961307 1.431537 0.349366 1.189916
0.906382 1.906382 1.093618 0.093618 0.629093 1.989862 0.717787 0.334830 0.877782 1.144692 0.478692 0.883153 1.651969 0.833067 0.000000 1.027589 0.843376 1.670156 0.535600 1.540119 0.075489 1.472874 0.040803 0.741745 1.439148 1.312622 1.128240 0.598470 0.483701 1.977016
1.933972 1.066028 0.066028 0.933972 1.656683 0.982548 1.745376 0.692760 1.905371 0.117103 0.548898 1.910742 1.320442 0.194522 1.027589 0.000000 1.870966 1.302255 0.491989 0.512530 1.103079 0.445285 1.068392 0.285844 0.411559 0.285033 1.844171 1.626060 0.543888 0.995394
0.063006 1.063006 1.936994 0.936994 0.214283 1.146486 0.125590 1.178206 0.034405 1.988069 1.322068 0.039776 0.808592 1.676444 0.843376 1.870966 0.000000 0.826779 1.378977 1.616505 0.767887 1.683749 0.802574 1.585121 1.717476 1.844001 0.284863 0.244906 1.327077 1.133640
0.763773 0.236227 1.236227 1.763773 1.041063 0.319707 0.952369 1.995015 0.792374 1.185152 1.851153 0.787003 0.018187 1.496777 1.670156 1.302255 0.826779 0.000000 1.794244 0.789725 1.594666 0.856970 1.629353 1.588099 0.890696 1.017222 0.541916 1.071686 1.846143 0.306861
1.441983 1.558017 0.558017 0.441983 1.164694 1.474537 1.253387 0.200771 1.413382 0.609092 0.056909 1.418753 1.812431 0.297467 0.535600 0.491989 1.378977 1.794244 0.000000 1.004519 0.611090 0.937274 0.576403 0.206145 0.903548 0.777022 1.663840 1.134071 0.051900 1.487383
1.553499 0.553499 0.446501 1.446501 1.830788 0.470019 1.742094 1.205289 1.582099 0.395427 1.061427 1.576728 0.807912 0.707052 1.540119 0.512530 1.616505 0.789725 1.004519 0.000000 1.615608 0.067245 1.580922 0.798374 0.100971 0.227497 1.331641 1.861411 1.056418 0.482865
0.830893 1.830893 1.169107 0.169107 0.553604 1.914373 0.642297 0.410319 0.802292 1.220181 0.554181 0.807663 1.576479 0.908557 0.075489 1.103079 0.767887 1.594666 0.611090 1.615608 0.000000 1.548364 0.034687 0.817234 1.514637 1.388112 1.052750 0.522981 0.559190 1.901527
1.620743 0.620743 0.379257 1.379257 1.898033 0.537263 1.809339 1.138045 1.649344 0.328182 0.994183 1.643973 0.875157 0.639807 1.472874 0.445285 1.683749 0.856970 0.937274 0.067245 1.548364 0.000000 1.513677 0.731129 0.033726 0.160252 1.398886 1.928655 0.989173 0.550109
0.865580 1.865580 1.134420 0.134420 0.588290 1.949060 0.676984 0.375632 0.836979 1.185495 0.519494 0.842350 1.611166 0.873870 0.040803 1.068392 0.802574 1.629353 0.576403 1.580922 0.034687 1.513677 0.000000 0.782548 1.479951 1.353425 1.087437 0.557667 0.524504 1.936214
1.648127 1.351873 0.351873 0.648127 1.370838 1.268393 1.459532 0.406915 1.619526 0.402947 0.263053 1.624898 1.606286 0.091322 0.741745 0.285844 1.585121 1.588099 0.206145 0.798374 0.817234 0.731129 0.782548 0.000000 0.697403 0.570877 1.869985 1.340215 0.258044 1.281239
1.654470 0.654470 0.345530 1.345530 1.931759 0.570990 1.843065 1.104318 1.683070 0.294456 0.960456 1.677699 0.908883 0.606081 1.439148 0.411559 1.717476 0.890696 0.903548 0.100971 1.514637 0.033726 1.479951 0.697403 0.000000 0.126526 1.432612 1.962382 0.955447 0.583836
1.780995 0.780995 0.219005 1.219005 1.941715 0.697515 1.969591 0.977793 1.809596 0.167930 0.833931 1.804225 1.035409 0.479555 1.312622 0.285033 1.844001 1.017222 0.777022 0.227497 1.388112 0.160252 1.353425 0.570877 0.126526 0.000000 1.559138 1.911093 0.828921 0.710361
0.221857 0.778143 1.778143 1.221857 0.499147 0.861623 0.410453 1.463069 0.250458 1.727068 1.606931 0.245087 0.523729 1.961307 1.128240 1.844171 0.284863 0.541916 1.663840 1.331641 1.052750 1.398886 1.087437 1.869985 1.432612 1.559138 0.000000 0.529770 1.611941 0.848777
0.307912 1.307912 1.692088 0.692088 0.030623 1.391392 0.119316 0.933300 0.279311 1.743162 1.077162 0.284683 1.053499 1.431537 0.598470 1.626060 0.244906 1.071686 1.134071 1.861411 0.522981 1.928655 0.557667 1.340215 1.962382 1.911093 0.529770 0.000000 1.082171 1.378546
1.390083 1.609917 0.609917 0.390083 1.112794 1.526437 1.201487 0.148871 1.361482 0.660991 0.005009 1.366854 1.864330 0.349366 0.483701 0.543888 1.327077 1.846143 0.051900 1.056418 0.559190 0.989173 0.524504 0.258044 0.955447 0.828921 1.611941 1.082171 0.000000 1.539283
1.070634 0.070634 0.929366 1.929366 1.347923 0.012846 1.259230 1.688154 1.099235 0.878292 1.544292 1.093864 0.325048 1.189916 1.977016 0.995394 1.133640 0.306861 1.487383 0.482865 1.901527 0.550109 1.936214 1.281239 0.583836 0.710361 0.848777 1.378546 1.539283 0.000000
