45
0.000000 1.000000 2.000000 1.000000 1.135601 1.084102 1.213717 1.171578 0.764685 0.240471 0.494128 1.563855 1.838966 0.903097 1.132300 0.594468 0.197971 1.001976 0.289652 0.130280 1.034511 0.401133 1.180565 1.867735 1.635522 0.396076 1.733129 0.453560 1.806386 1.795138 1.361598 0.690096 1.654077 1.026236 0.246608 1.298917 1.247478 0.930915 0.046454 0.800192 1.984178 1.010042 0.102525 1.298708 0.624243
1.000000 0.000000 1.000000 2.000000 0.135601 0.084102 0.213717 0.171578 0.235315 0.759529 1.494128 1.436145 0.838966 0.096903 0.132300 1.594468 0.802029 0.001976 0.710348 1.130280 0.034511 1.401133 1.819435 0.867735 1.364478 0.603924 1.266871 1.453560 0.806386 1.204862 0.361598 1.690096 0.654077 1.973764 1.246608 0.298917 1.752522 1.930915 0.953546 1.800192 0.984178 0.010042 0.897475 0.298708 1.624243
2.000000 1.000000 0.000000 1.000000 0.864399 0.915898 0.786283 0.828422 1.235315 1.759529 1.505872 0.436145 0.161034 1.096903 0.867700 1.405532 1.802029 0.998024 1.710348 1.869720 0.965489 1.598867 0.819435 0.132265 0.364478 1.603924 0.266871 1.546440 0.193614 0.204862 0.638402 1.309904 0.345923 0.973764 1.753392 0.701083 0.752522 1.069085 1.953546 1.199808 0.015822 0.989958 1.897475 0.701292 1.375757
1.000000 2.000000 1.000000 0.000000 1.864399 1.915898 1.786283 1.828422 1.764685 1.240471 0.505872 0.563855 1.161034 1.903097 1.867700 0.405532 1.197971 1.998024 1.289652 0.869720 1.965489 0.598867 0.180565 1.132265 0.635522 1.396076 0.733129 0.546440 1.193614 0.795138 1.638402 0.309904 1.345923 0.026236 0.753392 1.701083 0.247478 0.069085 1.046454 0.199808 1.015822 1.989958 1.102525 1.701292 0.375757
1.135601 0.135601 0.864399 1.864399 0.000000 0.051499 0.078117 0.035977 0.370916 0.895130 1.629729 1.300545 0.703365 0.232504 0.003301 1.730069 0.937630 0.133625 0.845949 1.265881 0.101090 1.536734 1.683834 0.732135 1.228877 0.739525 1.131271 1.589160 0.670785 1.069261 0.225998 1.825697 0.518476 1.838164 1.382208 0.163317 1.616921 1.933484 1.089147 1.935793 0.848578 0.125559 1.033076 0.163108 1.759843
1.084102 0.084102 0.915898 1.915898 0.051499 0.000000 0.129616 0.087476 0.319417 0.843631 1.578230 1.352044 0.754864 0.181005 0.048198 1.678570 0.886131 0.082126 0.794450 1.214381 0.049591 1.485235 1.735333 0.783634 1.280376 0.688026 1.182770 1.537661 0.722284 1.120760 0.277497 1.774198 0.569975 1.889663 1.330709 0.214816 1.668420 1.984983 1.037648 1.884294 0.900077 0.074060 0.981577 0.214607 1.708344
1.213717 0.213717 0.786283 1.786283 0.078117 0.129616 0.000000 0.042139 0.449032 0.973246 1.707845 1.222428 0.625248 0.310621 0.081417 1.808185 1.015746 0.211741 0.924065 1.343997 0.179206 1.614850 1.605718 0.654018 1.150761 0.817641 1.053154 1.667277 0.592669 0.991145 0.147881 1.903813 0.440359 1.760047 1.460325 0.085200 1.538805 1.855368 1.167264 1.986091 0.770461 0.203675 1.111193 0.084991 1.837960
1.171578 0.171578 0.828422 1.828422 0.035977 0.087476 0.042139 0.000000 0.406893 0.931107 1.665706 1.264567 0.667388 0.268481 0.039278 1.766046 0.973607 0.169602 0.881926 1.301858 0.137067 1.572711 1.647857 0.696157 1.192900 0.775502 1.095293 1.625138 0.634808 1.033284 0.190021 1.861674 0.482499 1.802186 1.418185 0.127339 1.580944 1.897507 1.125124 1.971770 0.812600 0.161536 1.069053 0.127130 1.795821
0.764685 0.235315 1.235315 1.764685 0.370916 0.319417 0.449032 0.406893 0.000000 0.524214 1.258813 1.671460 1.074281 0.138412 0.367615 1.359153 0.566714 0.237291 0.475033 0.894965 0.269826 1.165818 1.945250 1.103050 1.599793 0.368609 1.502186 1.218245 1.041701 1.440177 0.596913 1.454781 0.889392 1.790921 1.011293 0.534232 1.987837 1.695600 0.718231 1.564877 1.219493 0.245357 0.662160 0.534023 1.388928
0.240471 0.759529 1.759529 1.240471 0.895130 0.843631 0.973246 0.931107 0.524214 0.000000 0.734599 1.804326 1.598495 0.662626 0.891829 0.834939 0.042500 0.761505 0.049181 0.370751 0.794040 0.641604 1.421036 1.627264 1.875993 0.155605 1.973600 0.694031 1.565915 1.964391 1.121127 0.930567 1.413606 1.266707 0.487079 1.058446 1.487949 1.171386 0.194017 1.040663 1.743707 0.769571 0.137946 1.058237 0.864714
0.494128 1.494128 1.505872 0.505872 1.629729 1.578230 1.707845 1.665706 1.258813 0.734599 0.000000 1.069727 1.666906 1.397225 1.626428 0.100340 0.692099 1.496104 0.783780 0.363848 1.528639 0.092995 0.686437 1.638137 1.141394 0.890204 1.239001 0.040568 1.699486 1.301010 1.855727 0.195968 1.851795 0.532108 0.247521 1.793045 0.753350 0.436787 0.540582 0.306064 1.521694 1.504170 0.596653 1.792836 0.130115
1.563855 1.436145 0.436145 0.563855 1.300545 1.352044 1.222428 1.264567 1.671460 1.804326 1.069727 0.000000 0.597180 1.533049 1.303845 0.969386 1.761825 1.434169 1.853507 1.433575 1.401634 1.162722 0.383290 0.568410 0.071667 1.959931 0.169274 1.110295 0.629759 0.231283 1.074547 0.873759 0.782069 0.537619 1.317247 1.137228 0.316377 0.632940 1.610308 0.763663 0.451967 1.426103 1.666379 1.137437 0.939612
1.838966 0.838966 0.161034 1.161034 0.703365 0.754864 0.625248 0.667388 1.074281 1.598495 1.666906 0.597180 0.000000 0.935869 0.706665 1.566566 1.640995 0.836990 1.549314 1.969245 0.804454 1.759901 0.980469 0.028770 0.525512 1.442889 0.427906 1.707475 0.032580 0.365896 0.477367 1.470938 0.184889 1.134799 1.914427 0.540048 0.913557 1.230119 1.792512 1.360842 0.145213 0.828923 1.736441 0.540257 1.536792
0.903097 0.096903 1.096903 1.903097 0.232504 0.181005 0.310621 0.268481 0.138412 0.662626 1.397225 1.533049 0.935869 0.000000 0.229204 1.497565 0.705126 0.098879 0.613445 1.033376 0.131415 1.304230 1.916338 0.964639 1.461381 0.507020 1.363775 1.356656 0.903289 1.301765 0.458502 1.593193 0.750980 1.929332 1.149704 0.395821 1.849425 1.834012 0.856643 1.703289 1.081082 0.106946 0.800572 0.395612 1.527339
1.132300 0.132300 0.867700 1.867700 0.003301 0.048198 0.081417 0.039278 0.367615 0.891829 1.626428 1.303845 0.706665 0.229204 0.000000 1.726768 0.934329 0.130324 0.842648 1.262580 0.097789 1.533433 1.687135 0.735435 1.232178 0.736224 1.134571 1.585860 0.674086 1.072562 0.229298 1.822396 0.521776 1.841464 1.378908 0.166617 1.620222 1.936785 1.085846 1.932492 0.851878 0.122258 1.029775 0.166408 1.756543
0.594468 1.594468 1.405532 0.405532 1.730069 1.678570 1.808185 1.766046 1.359153 0.834939 0.100340 0.969386 1.566566 1.497565 1.726768 0.000000 0.792439 1.596444 0.884120 0.464188 1.628979 0.193335 0.586097 1.537796 1.041054 0.990544 1.138661 0.140908 1.599146 1.200670 1.956067 0.095628 1.751455 0.431767 0.347861 1.893386 0.653010 0.336447 0.640922 0.205724 1.421353 1.604510 0.696993 1.893176 0.029775
0.197971 0.802029 1.802029 1.197971 0.937630 0.886131 1.015746 0.973607 0.566714 0.042500 0.692099 1.761825 1.640995 0.705126 0.934329 0.792439 0.000000 0.804005 0.091681 0.328251 0.836540 0.599104 1.378536 1.669765 1.833493 0.198105 1.931100 0.651531 1.608415 1.993109 1.163628 0.888067 1.456106 1.224206 0.444578 1.100947 1.445449 1.128886 0.151517 0.998163 1.786208 0.812071 0.095446 1.100737 0.822213
1.001976 0.001976 0.998024 1.998024 0.133625 0.082126 0.211741 0.169602 0.237291 0.761505 1.496104 1.434169 0.836990 0.098879 0.130324 1.596444 0.804005 0.000000 0.712324 1.132256 0.032535 1.403109 1.817459 0.865759 1.362502 0.605900 1.264895 1.455536 0.804410 1.202886 0.359622 1.692072 0.652101 1.971788 1.248584 0.296941 1.750546 1.932891 0.955522 1.802168 0.982202 0.008066 0.899451 0.296732 1.626219
0.289652 0.710348 1.710348 1.289652 0.845949 0.794450 0.924065 0.881926 0.475033 0.049181 0.783780 1.853507 1.549314 0.613445 0.842648 0.884120 0.091681 0.712324 0.000000 0.419932 0.744859 0.690785 1.470217 1.578084 1.925174 0.106424 1.977219 0.743212 1.516734 1.915210 1.071947 0.979748 1.364425 1.315887 0.536259 1.009266 1.537130 1.220567 0.243198 1.089844 1.694527 0.720390 0.187127 1.009056 0.913895
0.130280 1.130280 1.869720 0.869720 1.265881 1.214381 1.343997 1.301858 0.894965 0.370751 0.363848 1.433575 1.969245 1.033376 1.262580 0.464188 0.328251 1.132256 0.419932 0.000000 1.164791 0.270853 1.050285 1.998015 1.505242 0.526356 1.602849 0.323280 1.936666 1.664858 1.491878 0.559816 1.784356 0.895956 0.116328 1.429197 1.117198 0.800635 0.176734 0.669912 1.885542 1.140322 0.232805 1.428988 0.493963
1.034511 0.034511 0.965489 1.965489 0.101090 0.049591 0.179206 0.137067 0.269826 0.794040 1.528639 1.401634 0.804454 0.131415 0.097789 1.628979 0.836540 0.032535 0.744859 1.164791 0.000000 1.435644 1.784924 0.833224 1.329967 0.638435 1.232360 1.488071 0.771875 1.170351 0.327087 1.724607 0.619565 1.939253 1.281119 0.264406 1.718011 1.965426 0.988057 1.834703 0.949667 0.024469 0.931986 0.264197 1.658754
0.401133 1.401133 1.598867 0.598867 1.536734 1.485235 1.614850 1.572711 1.165818 0.641604 0.092995 1.162722 1.759901 1.304230 1.533433 0.193335 0.599104 1.403109 0.690785 0.270853 1.435644 0.000000 0.779432 1.731132 1.234389 0.797209 1.331996 0.052427 1.792481 1.394005 1.762731 0.288963 1.944790 0.625103 0.154526 1.700050 0.846345 0.529782 0.447587 0.399059 1.614689 1.411175 0.503658 1.699841 0.223110
1.180565 1.819435 0.819435 0.180565 1.683834 1.735333 1.605718 1.647857 1.945250 1.421036 0.686437 0.383290 0.980469 1.916338 1.687135 0.586097 1.378536 1.817459 1.470217 1.050285 1.784924 0.779432 0.000000 0.951700 0.454957 1.576641 0.552564 0.727005 1.013049 0.614573 1.457837 0.490469 1.165358 0.154329 0.933957 1.520518 0.066913 0.249650 1.227019 0.380373 0.835257 1.809393 1.283090 1.520727 0.556322
1.867735 0.867735 0.132265 1.132265 0.732135 0.783634 0.654018 0.696157 1.103050 1.627264 1.638137 0.568410 0.028770 0.964639 0.735435 1.537796 1.669765 0.865759 1.578084 1.998015 0.833224 1.731132 0.951700 0.000000 0.496742 1.471659 0.399136 1.678705 0.061350 0.337126 0.506137 1.442168 0.213659 1.106029 1.885657 0.568818 0.884787 1.201350 1.821282 1.332072 0.116443 0.857693 1.765211 0.569027 1.508022
1.635522 1.364478 0.364478 0.635522 1.228877 1.280376 1.150761 1.192900 1.599793 1.875993 1.141394 0.071667 0.525512 1.461381 1.232178 1.041054 1.833493 1.362502 1.925174 1.505242 1.329967 1.234389 0.454957 0.496742 0.000000 1.968402 0.097607 1.181962 0.558092 0.159616 1.002879 0.945426 0.710401 0.609287 1.388915 1.065561 0.388044 0.704607 1.681976 0.835330 0.380299 1.354436 1.738047 1.065770 1.011279
0.396076 0.603924 1.603924 1.396076 0.739525 0.688026 0.817641 0.775502 0.368609 0.155605 0.890204 1.959931 1.442889 0.507020 0.736224 0.990544 0.198105 0.605900 0.106424 0.526356 0.638435 0.797209 1.576641 1.471659 1.968402 0.000000 1.870795 0.849636 1.410310 1.808786 0.965522 1.086172 1.258000 1.422312 0.642684 0.902841 1.643554 1.326991 0.349622 1.196268 1.588102 0.613966 0.293551 0.902632 1.020319
1.733129 1.266871 0.266871 0.733129 1.131271 1.182770 1.053154 1.095293 1.502186 1.973600 1.239001 0.169274 0.427906 1.363775 1.134571 1.138661 1.931100 1.264895 1.977219 1.602849 1.232360 1.331996 0.552564 0.399136 0.097607 1.870795 0.000000 1.279569 0.460485 0.062009 0.905273 1.043033 0.612795 0.706893 1.486521 0.967954 0.485651 0.802214 1.779582 0.932937 0.282693 1.256829 1.835654 0.968163 1.108886
0.453560 1.453560 1.546440 0.546440 1.589160 1.537661 1.667277 1.625138 1.218245 0.694031 0.040568 1.110295 1.707475 1.356656 1.585860 0.140908 0.651531 1.455536 0.743212 0.323280 1.488071 0.052427 0.727005 1.678705 1.181962 0.849636 1.279569 0.000000 1.740054 1.341578 1.815158 0.236536 1.892364 0.572676 0.206952 1.752477 0.793918 0.477355 0.500013 0.346632 1.562262 1.463602 0.556084 1.752268 0.170683
1.806386 0.806386 0.193614 1.193614 0.670785 0.722284 0.592669 0.634808 1.041701 1.565915 1.699486 0.629759 0.032580 0.903289 0.674086 1.599146 1.608415 0.804410 1.516734 1.936666 0.771875 1.792481 1.013049 0.061350 0.558092 1.410310 0.460485 1.740054 0.000000 0.398476 0.444787 1.503518 0.152309 1.167378 1.947007 0.507469 0.946136 1.262699 1.759932 1.393422 0.177792 0.796344 1.703861 0.507678 1.569371
1.795138 1.204862 0.204862 0.795138 1.069261 1.120760 0.991145 1.033284 1.440177 1.964391 1.301010 0.231283 0.365896 1.301765 1.072562 1.200670 1.993109 1.202886 1.915210 1.664858 1.170351 1.394005 0.614573 0.337126 0.159616 1.808786 0.062009 1.341578 0.398476 0.000000 0.843263 1.105042 0.550785 0.768903 1.548531 0.905945 0.547660 0.864223 1.841592 0.994946 0.220683 1.194820 1.897663 0.906154 1.170895
1.361598 0.361598 0.638402 1.638402 0.225998 0.277497 0.147881 0.190021 0.596913 1.121127 1.855727 1.074547 0.477367 0.458502 0.229298 1.956067 1.163628 0.359622 1.071947 1.491878 0.327087 1.762731 1.457837 0.506137 1.002879 0.965522 0.905273 1.815158 0.444787 0.843263 0.000000 1.948305 0.292478 1.612166 1.608206 0.062681 1.390924 1.707486 1.315145 1.838209 0.622580 0.351556 1.259074 0.062890 1.985841
0.690096 1.690096 1.309904 0.309904 1.825697 1.774198 1.903813 1.861674 1.454781 0.930567 0.195968 0.873759 1.470938 1.593193 1.822396 0.095628 0.888067 1.692072 0.979748 0.559816 1.724607 0.288963 0.490469 1.442168 0.945426 1.086172 1.043033 0.236536 1.503518 1.105042 1.948305 0.000000 1.655827 0.336139 0.443489 1.989013 0.557382 0.240819 0.736550 0.110096 1.325725 1.700138 0.792621 1.988804 0.065853
1.654077 0.654077 0.345923 1.345923 0.518476 0.569975 0.440359 0.482499 0.889392 1.413606 1.851795 0.782069 0.184889 0.750980 0.521776 1.751455 1.456106 0.652101 1.364425 1.784356 0.619565 1.944790 1.165358 0.213659 0.710401 1.258000 0.612795 1.892364 0.152309 0.550785 0.292478 1.655827 0.000000 1.319688 1.900684 0.355159 1.098446 1.415008 1.607623 1.545731 0.330102 0.644034 1.551552 0.355368 1.721681
1.026236 1.973764 0.973764 0.026236 1.838164 1.889663 1.760047 1.802186 1.790921 1.266707 0.532108 0.537619 1.134799 1.929332 1.841464 0.431767 1.224206 1.971788 1.315887 0.895956 1.939253 0.625103 0.154329 1.106029 0.609287 1.422312 0.706893 0.572676 1.167378 0.768903 1.612166 0.336139 1.319688 0.000000 0.779628 1.674847 0.221242 0.095321 1.072689 0.226043 0.989586 1.963722 1.128760 1.675056 0.401993
0.246608 1.246608 1.753392 0.753392 1.382208 1.330709 1.460325 1.418185 1.011293 0.487079 0.247521 1.317247 1.914427 1.149704 1.378908 0.347861 0.444578 1.248584 0.536259 0.116328 1.281119 0.154526 0.933957 1.885657 1.388915 0.642684 1.486521 0.206952 1.947007 1.548531 1.608206 0.443489 1.900684 0.779628 0.000000 1.545525 1.000870 0.684308 0.293061 0.553585 1.769214 1.256650 0.349132 1.545316 0.377635
1.298917 0.298917 0.701083 1.701083 0.163317 0.214816 0.085200 0.127339 0.534232 1.058446 1.793045 1.137228 0.540048 0.395821 0.166617 1.893386 1.100947 0.296941 1.009266 1.429197 0.264406 1.700050 1.520518 0.568818 1.065561 0.902841 0.967954 1.752477 0.507469 0.905945 0.062681 1.989013 0.355159 1.674847 1.545525 0.000000 1.453605 1.770168 1.252464 1.900890 0.685261 0.288875 1.196393 0.000209 1.923160
1.247478 1.752522 0.752522 0.247478 1.616921 1.668420 1.538805 1.580944 1.987837 1.487949 0.753350 0.316377 0.913557 1.849425 1.620222 0.653010 1.445449 1.750546 1.537130 1.117198 1.718011 0.846345 0.066913 0.884787 0.388044 1.643554 0.485651 0.793918 0.946136 0.547660 1.390924 0.557382 1.098446 0.221242 1.000870 1.453605 0.000000 0.316563 1.293932 0.447286 0.768344 1.742480 1.350003 1.453814 0.623235
0.930915 1.930915 1.069085 0.069085 1.933484 1.984983 1.855368 1.897507 1.695600 1.171386 0.436787 0.632940 1.230119 1.834012 1.936785 0.336447 1.128886 1.932891 1.220567 0.800635 1.965426 0.529782 0.249650 1.201350 0.704607 1.326991 0.802214 0.477355 1.262699 0.864223 1.707486 0.240819 1.415008 0.095321 0.684308 1.770168 0.316563 0.000000 0.977369 0.130723 1.084907 1.940957 1.033440 1.770377 0.306672
0.046454 0.953546 1.953546 1.046454 1.089147 1.037648 1.167264 1.125124 0.718231 0.194017 0.540582 1.610308 1.792512 0.856643 1.085846 0.640922 0.151517 0.955522 0.243198 0.176734 0.988057 0.447587 1.227019 1.821282 1.681976 0.349622 1.779582 0.500013 1.759932 1.841592 1.315145 0.736550 1.607623 1.072689 0.293061 1.252464 1.293932 0.977369 0.000000 0.846646 1.937725 0.963588 0.056071 1.252255 0.670696
0.800192 1.800192 1.199808 0.199808 1.935793 1.884294 1.986091 1.971770 1.564877 1.040663 0.306064 0.763663 1.360842 1.703289 1.932492 0.205724 0.998163 1.802168 1.089844 0.669912 1.834703 0.399059 0.380373 1.332072 0.835330 1.196268 0.932937 0.346632 1.393422 0.994946 1.838209 0.110096 1.545731 0.226043 0.553585 1.900890 0.447286 0.130723 0.846646 0.000000 1.215629 1.810234 0.902717 1.901100 0.175949
1.984178 0.984178 0.015822 1.015822 0.848578 0.900077 0.770461 0.812600 1.219493 1.743707 1.521694 0.451967 0.145213 1.081082 0.851878 1.421353 1.786208 0.982202 1.694527 1.885542 0.949667 1.614689 0.835257 0.116443 0.380299 1.588102 0.282693 1.562262 0.177792 0.220683 0.622580 1.325725 0.330102 0.989586 1.769214 0.685261 0.768344 1.084907 1.937725 1.215629 0.000000 0.974136 1.881654 0.685470 1.391579
1.010042 0.010042 0.989958 1.989958 0.125559 0.074060 0.203675 0.161536 0.245357 0.769571 1.504170 1.426103 0.828923 0.106946 0.122258 1.604510 0.812071 0.008066 0.720390 1.140322 0.024469 1.411175 1.809393 0.857693 1.354436 0.613966 1.256829 1.463602 0.796344 1.194820 0.351556 1.700138 0.644034 1.963722 1.256650 0.288875 1.742480 1.940957 0.963588 1.810234 0.974136 0.000000 0.907517 0.288666 1.634285
0.102525 0.897475 1.897475 1.102525 1.033076 0.981577 1.111193 1.069053 0.662160 0.137946 0.596653 1.666379 1.736441 0.800572 1.029775 0.696993 0.095446 0.899451 0.187127 0.232805 0.931986 0.503658 1.283090 1.765211 1.738047 0.293551 1.835654 0.556084 1.703861 1.897663 1.259074 0.792621 1.551552 1.128760 0.349132 1.196393 1.350003 1.033440 0.056071 0.902717 1.881654 0.907517 0.000000 1.196183 0.726767
1.298708 0.298708 0.701292 1.701292 0.163108 0.214607 0.084991 0.127130 0.534023 1.058237 1.792836 1.137437 0.540257 0.395612 0.166408 1.893176 1.100737 0.296732 1.009056 1.428988 0.264197 1.699841 1.520727 0.569027 1.065770 0.902632 0.968163 1.752268 0.507678 0.906154 0.062890 1.988804 0.355368 1.675056 1.545316 0.000209 1.453814 1.770377 1.252255 1.901100 0.685470 0.288666 1.196183 0.000000 1.922951
0.624243 1.624243 1.375757 0.375757 1.759843 1.708344 1.837960 1.795821 1.388928 0.864714 0.130115 0.939612 1.536792 1.527339 1.756543 0.029775 0.822213 1.626219 0.913895 0.493963 1.658754 0.223110 0.556322 1.508022 1.011279 1.020319 1.108886 0.170683 1.569371 1.170895 1.985841 0.065853 1.721681 0.401993 0.377635 1.923160 0.623235 0.306672 0.670696 0.175949 1.391579 1.634285 0.726767 1.922951 0.000000
