50
0.000000 1.000000 2.000000 1.000000 0.096145 1.332329 0.399044 0.495849 1.775635 0.233930 1.318375 0.450404 1.521155 0.603578 0.725092 1.032983 0.752174 0.974545 0.007260 0.877459 0.190047 0.117369 1.788626 0.546084 0.241383 1.256715 1.604244 1.459541 0.110969 0.564331 1.896067 0.183554 0.369720 0.374953 0.311995 1.664131 1.453416 0.620313 1.314600 0.094331 0.388430 0.704537 1.580461 1.920138 1.391737 1.665543 1.169038 0.164086 0.459059 1.204488
1.000000 0.000000 1.000000 2.000000 1.096145 0.332329 0.600956 1.495849 1.224365 0.766070 1.681625 1.450404 1.478845 1.603578 0.274908 0.032983 1.752174 0.025455 1.007260 1.877459 1.190047 0.882631 0.788626 1.546084 1.241383 0.256715 1.395756 0.459541 1.110969 0.435669 1.103933 0.816446 1.369720 1.374953 1.311995 0.664131 0.453416 1.620313 0.314600 1.094331 0.611570 1.704537 0.580461 0.920138 0.391737 0.665543 0.169038 1.164086 1.459059 1.795512
2.000000 1.000000 0.000000 1.000000 1.903855 0.667671 1.600956 1.504151 0.224365 1.766070 0.681625 1.549596 0.478845 1.396422 1.274908 0.967017 1.247826 1.025455 1.992740 1.122541 1.809953 1.882631 0.211374 1.453916 1.758617 0.743285 0.395756 0.540459 1.889031 1.435669 0.103933 1.816446 1.630280 1.625047 1.688005 0.335869 0.546584 1.379687 0.685400 1.905669 1.611570 1.295463 0.419539 0.079862 0.608263 0.334457 0.830962 1.835914 1.540941 0.795512
1.000000 2.000000 1.000000 0.000000 0.903855 1.667671 1.399044 0.504151 0.775635 1.233930 0.318375 0.549596 0.521155 0.396422 1.725092 1.967017 0.247826 1.974545 0.992740 0.122541 0.809953 1.117369 1.211374 0.453916 0.758617 1.743285 0.604244 1.540459 0.889031 1.564331 0.896067 1.183554 0.630280 0.625047 0.688005 1.335869 1.546584 0.379687 1.685400 0.905669 1.388430 0.295463 1.419539 1.079862 1.608263 1.334457 1.830962 0.835914 0.540941 0.204488
0.096145 1.096145 1.903855 0.903855 0.000000 1.428474 0.495189 0.399704 1.679490 0.330074 1.222231 0.354259 1.425010 0.507433 0.821237 1.129127 0.656030 1.070690 0.088884 0.781315 0.093903 0.213514 1.884770 0.449939 0.145238 1.352859 1.508099 1.555685 0.014825 0.660476 1.799922 0.279699 0.273576 0.278809 0.215850 1.760276 1.549560 0.524168 1.410745 0.001813 0.484575 0.608393 1.676605 1.983718 1.487882 1.761688 1.265182 0.067942 0.362915 1.108344
1.332329 0.332329 0.667671 1.667671 1.428474 0.000000 0.933285 1.828178 0.892036 1.098399 1.349296 1.782733 1.146516 1.935907 0.607237 0.299346 1.915497 0.357784 1.339589 1.790212 1.522376 1.214960 0.456297 1.878413 1.573712 0.075614 1.063427 0.127212 1.443298 0.767998 0.771604 1.148775 1.702049 1.707282 1.644324 0.331802 0.121087 1.952642 0.017729 1.426660 0.943899 1.963134 0.248132 0.587809 0.059408 0.333214 0.163291 1.496415 1.791388 1.463183
0.399044 0.600956 1.600956 1.399044 0.495189 0.933285 0.000000 0.894893 1.825321 0.165115 1.717420 0.849448 1.920199 1.002622 0.326048 0.633938 1.151218 0.575501 0.406305 1.276503 0.589091 0.281675 1.389582 0.945128 0.640427 0.857671 1.996712 1.060496 0.510014 0.165287 1.704889 0.215490 0.768764 0.773997 0.711039 1.265087 1.054371 1.019357 0.915556 0.493376 0.010614 1.103582 1.181417 1.521093 0.992693 1.266499 0.769993 0.563131 0.858104 1.603532
0.495849 1.495849 1.504151 0.504151 0.399704 1.828178 0.894893 0.000000 1.279786 0.729778 0.822527 0.045445 1.025306 0.107729 1.220941 1.528831 0.256325 1.470394 0.488588 0.381610 0.305801 0.613218 1.715526 0.050235 0.254466 1.752563 1.108395 1.955389 0.384879 1.060180 1.400218 0.679403 0.126129 0.120896 0.183854 1.840020 1.949264 0.124464 1.810449 0.401517 0.884279 0.208689 1.923691 1.584014 1.887586 1.838608 1.664886 0.331762 0.036789 0.708640
1.775635 1.224365 0.224365 0.775635 1.679490 0.892036 1.825321 1.279786 0.000000 1.990435 0.457259 1.325231 0.254480 1.172057 1.499273 1.191382 1.023461 1.249820 1.768374 0.898176 1.585588 1.893004 0.435739 1.229551 1.534252 0.967650 0.171391 0.764824 1.664665 1.660034 0.120432 1.959189 1.405915 1.400682 1.463640 0.560234 0.770950 1.155322 0.909765 1.681304 1.835935 1.071098 0.643904 0.304227 0.832628 0.558822 1.055327 1.611548 1.316575 0.571147
0.233930 0.766070 1.766070 1.233930 0.330074 1.098399 0.165115 0.729778 1.990435 0.000000 1.552305 0.684334 1.755085 0.837507 0.491162 0.799053 0.986104 0.740615 0.241190 1.111389 0.423977 0.116560 1.554696 0.780013 0.475313 1.022785 1.838173 1.225611 0.344899 0.330401 1.870004 0.050375 0.603650 0.608883 0.545925 1.430201 1.219486 0.854243 1.080671 0.328261 0.154501 0.938467 1.346531 1.686208 1.157807 1.431614 0.935108 0.398016 0.692989 1.438418
1.318375 1.681625 0.681625 0.318375 1.222231 1.349296 1.717420 0.822527 0.457259 1.552305 0.000000 0.867972 0.202779 0.714798 1.956532 1.648642 0.566201 1.707079 1.311115 0.440916 1.128328 1.435745 0.892999 0.772292 1.076992 1.424910 0.285868 1.222084 1.207406 1.882706 0.577691 1.501930 0.948655 0.943422 1.006380 1.017493 1.228209 0.698063 1.367024 1.224044 1.706806 0.613838 1.101164 0.761487 1.289887 1.016081 1.512587 1.154289 0.859316 0.113887
0.450404 1.450404 1.549596 0.549596 0.354259 1.782733 0.849448 0.045445 1.325231 0.684334 0.867972 0.000000 1.070751 0.153174 1.175496 1.483387 0.301770 1.424949 0.443143 0.427055 0.260357 0.567773 1.760970 0.095680 0.209021 1.707119 1.153840 1.909945 0.339434 1.014735 1.445663 0.633958 0.080684 0.075451 0.138409 1.885465 1.903820 0.169909 1.765004 0.356073 0.838834 0.254133 1.969135 1.629458 1.842141 1.884053 1.619442 0.286317 0.008656 0.754084
1.521155 1.478845 0.478845 0.521155 1.425010 1.146516 1.920199 1.025306 0.254480 1.755085 0.202779 1.070751 0.000000 0.917577 1.753753 1.445862 0.768981 1.504300 1.513895 0.643696 1.331108 1.638524 0.690219 0.975071 1.279772 1.222130 0.083089 1.019304 1.410186 1.914514 0.374912 1.704709 1.151435 1.146202 1.209160 0.814714 1.025429 0.900842 1.164245 1.426824 1.909585 0.816618 0.898384 0.558707 1.087108 0.813302 1.309807 1.357069 1.062096 0.316667
0.603578 1.603578 1.396422 0.396422 0.507433 1.935907 1.002622 0.107729 1.172057 0.837507 0.714798 0.153174 0.917577 0.000000 1.328670 1.636560 0.148596 1.578123 0.596317 0.273881 0.413531 0.720947 1.607796 0.057494 0.362195 1.860293 1.000666 1.936882 0.492608 1.167909 1.292489 0.787132 0.233858 0.228625 0.291583 1.732291 1.943007 0.016735 1.918178 0.509246 0.992008 0.100959 1.815961 1.476284 1.995315 1.730879 1.772616 0.439491 0.144518 0.600910
0.725092 0.274908 1.274908 1.725092 0.821237 0.607237 0.326048 1.220941 1.499273 0.491162 1.956532 1.175496 1.753753 1.328670 0.000000 0.307891 1.477266 0.249453 0.732353 1.602551 0.915139 0.607723 1.063534 1.271176 0.966475 0.531623 1.670664 0.734448 0.836062 0.160761 1.378841 0.541538 1.094812 1.100045 1.037087 0.939039 0.728323 1.345405 0.589508 0.819423 0.336662 1.429629 0.855369 1.195046 0.666645 0.940451 0.443946 0.889179 1.184152 1.929580
1.032983 0.032983 0.967017 1.967017 1.129127 0.299346 0.633938 1.528831 1.191382 0.799053 1.648642 1.483387 1.445862 1.636560 0.307891 0.000000 1.785157 0.058438 1.040243 1.910442 1.223030 0.915613 0.755643 1.579066 1.274366 0.223732 1.362773 0.426558 1.143952 0.468652 1.070951 0.849428 1.402703 1.407936 1.344978 0.631148 0.420433 1.653296 0.281618 1.127314 0.644552 1.737520 0.547478 0.887155 0.358754 0.632561 0.136055 1.197069 1.492042 1.762529
0.752174 1.752174 1.247826 0.247826 0.656030 1.915497 1.151218 0.256325 1.023461 0.986104 0.566201 0.301770 0.768981 0.148596 1.477266 1.785157 0.000000 1.726719 0.744914 0.125285 0.562127 0.869543 1.459200 0.206090 0.510791 1.991111 0.852070 1.788285 0.641205 1.316505 1.143893 0.935728 0.382454 0.377221 0.440179 1.583695 1.794410 0.131861 1.933226 0.657843 1.140604 0.047637 1.667365 1.327688 1.856089 1.582282 1.921212 0.588088 0.293115 0.452314
0.974545 0.025455 1.025455 1.974545 1.070690 0.357784 0.575501 1.470394 1.249820 0.740615 1.707079 1.424949 1.504300 1.578123 0.249453 0.058438 1.726719 0.000000 0.981806 1.852004 1.164592 0.857176 0.814081 1.520629 1.215928 0.282170 1.421211 0.484996 1.085515 0.410214 1.129388 0.790991 1.344265 1.349498 1.286540 0.689586 0.478871 1.594858 0.340055 1.068876 0.586115 1.679082 0.605916 0.945593 0.417192 0.690998 0.194493 1.138632 1.433605 1.820967
0.007260 1.007260 1.992740 0.992740 0.088884 1.339589 0.406305 0.488588 1.768374 0.241190 1.311115 0.443143 1.513895 0.596317 0.732353 1.040243 0.744914 0.981806 0.000000 0.870199 0.182787 0.124630 1.795886 0.538823 0.234123 1.263975 1.596983 1.466801 0.103709 0.571591 1.888806 0.190815 0.362460 0.367693 0.304735 1.671391 1.460676 0.613053 1.321861 0.087071 0.395691 0.697277 1.587721 1.927398 1.398998 1.672804 1.176298 0.156826 0.451799 1.197228
0.877459 1.877459 1.122541 0.122541 0.781315 1.790212 1.276503 0.381610 0.898176 1.111389 0.440916 0.427055 0.643696 0.273881 1.602551 1.910442 0.125285 1.852004 0.870199 0.000000 0.687412 0.994828 1.333915 0.331375 0.636076 1.865826 0.726785 1.663000 0.766490 1.441790 1.018608 1.061013 0.507739 0.502506 0.565464 1.458410 1.669125 0.257146 1.807941 0.783128 1.265889 0.172922 1.542080 1.202403 1.730804 1.456997 1.953503 0.713373 0.418400 0.327029
0.190047 1.190047 1.809953 0.809953 0.093903 1.522376 0.589091 0.305801 1.585588 0.423977 1.128328 0.260357 1.331108 0.413531 0.915139 1.223030 0.562127 1.164592 0.182787 0.687412 0.000000 0.307416 1.978673 0.356037 0.051336 1.446762 1.414197 1.649588 0.079078 0.754378 1.706020 0.373601 0.179673 0.184906 0.121948 1.854178 1.643463 0.430266 1.504647 0.095716 0.578477 0.514490 1.770508 1.889815 1.581784 1.855591 1.359085 0.025961 0.269012 1.014441
0.117369 0.882631 1.882631 1.117369 0.213514 1.214960 0.281675 0.613218 1.893004 0.116560 1.435745 0.567773 1.638524 0.720947 0.607723 0.915613 0.869543 0.857176 0.124630 0.994828 0.307416 0.000000 1.671257 0.663453 0.358752 1.139346 1.721613 1.342171 0.228339 0.446962 1.986564 0.066185 0.487089 0.492322 0.429364 1.546762 1.336046 0.737682 1.197231 0.211701 0.271061 0.821907 1.463092 1.802768 1.274368 1.548174 1.051669 0.281456 0.576429 1.321857
1.788626 0.788626 0.211374 1.211374 1.884770 0.456297 1.389582 1.715526 0.435739 1.554696 0.892999 1.760970 0.690219 1.607796 1.063534 0.755643 1.459200 0.814081 1.795886 1.333915 1.978673 1.671257 0.000000 1.665290 1.969991 0.531911 0.607130 0.329085 1.899595 1.224295 0.315307 1.605072 1.841654 1.836421 1.899379 0.124495 0.335210 1.591061 0.474026 1.882957 1.400196 1.506837 0.208165 0.131512 0.396889 0.123082 0.619588 1.952712 1.752315 1.006886
0.546084 1.546084 1.453916 0.453916 0.449939 1.878413 0.945128 0.050235 1.229551 0.780013 0.772292 0.095680 0.975071 0.057494 1.271176 1.579066 0.206090 1.520629 0.538823 0.331375 0.356037 0.663453 1.665290 0.000000 0.304701 1.802799 1.058160 1.994376 0.435114 1.110415 1.349983 0.729638 0.176364 0.171131 0.234089 1.789785 1.999499 0.074229 1.860684 0.451752 0.934514 0.158454 1.873456 1.533779 1.937821 1.788373 1.715121 0.381997 0.087024 0.658404
0.241383 1.241383 1.758617 0.758617 0.145238 1.573712 0.640427 0.254466 1.534252 0.475313 1.076992 0.209021 1.279772 0.362195 0.966475 1.274366 0.510791 1.215928 0.234123 0.636076 0.051336 0.358752 1.969991 0.304701 0.000000 1.498098 1.362861 1.700924 0.130414 0.805714 1.654684 0.424937 0.128337 0.133570 0.070612 1.905514 1.694799 0.378930 1.555983 0.147052 0.629813 0.463154 1.821844 1.838479 1.633120 1.906926 1.410421 0.077297 0.217676 0.963105
1.256715 0.256715 0.743285 1.743285 1.352859 0.075614 0.857671 1.752563 0.967650 1.022785 1.424910 1.707119 1.222130 1.860293 0.531623 0.223732 1.991111 0.282170 1.263975 1.865826 1.446762 1.139346 0.531911 1.802799 1.498098 0.000000 1.139041 0.202826 1.367684 0.692384 0.847218 1.073161 1.626435 1.631668 1.568710 0.407416 0.196701 1.877028 0.057885 1.351046 0.868285 1.961252 0.323746 0.663423 0.135022 0.408829 0.087677 1.420801 1.715774 1.538797
1.604244 1.395756 0.395756 0.604244 1.508099 1.063427 1.996712 1.108395 0.171391 1.838173 0.285868 1.153840 0.083089 1.000666 1.670664 1.362773 0.852070 1.421211 1.596983 0.726785 1.414197 1.721613 0.607130 1.058160 1.362861 1.139041 0.000000 0.936216 1.493274 1.831425 0.291823 1.787798 1.234524 1.229291 1.292249 0.731625 0.942341 0.983931 1.081156 1.509912 1.992674 0.899707 0.815295 0.475618 1.004019 0.730213 1.226718 1.440157 1.145184 0.399756
1.459541 0.459541 0.540459 1.540459 1.555685 0.127212 1.060496 1.955389 0.764824 1.225611 1.222084 1.909945 1.019304 1.936882 0.734448 0.426558 1.788285 0.484996 1.466801 1.663000 1.649588 1.342171 0.329085 1.994376 1.700924 0.202826 0.936216 0.000000 1.570510 0.895210 0.644393 1.275986 1.829261 1.834494 1.771536 0.204590 0.006125 1.920146 0.144940 1.553872 1.071110 1.835922 0.120920 0.460597 0.067804 0.206003 0.290503 1.623627 1.918600 1.335971
0.110969 1.110969 1.889031 0.889031 0.014825 1.443298 0.510014 0.384879 1.664665 0.344899 1.207406 0.339434 1.410186 0.492608 0.836062 1.143952 0.641205 1.085515 0.103709 0.766490 0.079078 0.228339 1.899595 0.435114 0.130414 1.367684 1.493274 1.570510 0.000000 0.675300 1.785097 0.294524 0.258751 0.263984 0.201026 1.775101 1.564385 0.509343 1.425570 0.016638 0.499400 0.593568 1.691430 1.968893 1.502707 1.776513 1.280007 0.053117 0.348090 1.093519
0.564331 0.435669 1.435669 1.564331 0.660476 0.767998 0.165287 1.060180 1.660034 0.330401 1.882706 1.014735 1.914514 1.167909 0.160761 0.468652 1.316505 0.410214 0.571591 1.441790 0.754378 0.446962 1.224295 1.110415 0.805714 0.692384 1.831425 0.895210 0.675300 0.000000 1.539602 0.380777 0.934051 0.939284 0.876326 1.099800 0.889085 1.184644 0.750269 0.658662 0.175901 1.268868 1.016130 1.355807 0.827406 1.101212 0.604707 0.728417 1.023390 1.768819
1.896067 1.103933 0.103933 0.896067 1.799922 0.771604 1.704889 1.400218 0.120432 1.870004 0.577691 1.445663 0.374912 1.292489 1.378841 1.070951 1.143893 1.129388 1.888806 1.018608 1.706020 1.986564 0.315307 1.349983 1.654684 0.847218 0.291823 0.644393 1.785097 1.539602 0.000000 1.920379 1.526347 1.521114 1.584072 0.439802 0.650518 1.275754 0.789333 1.801735 1.715503 1.191529 0.523472 0.183796 0.712196 0.438390 0.934896 1.731980 1.437007 0.691579
0.183554 0.816446 1.816446 1.183554 0.279699 1.148775 0.215490 0.679403 1.959189 0.050375 1.501930 0.633958 1.704709 0.787132 0.541538 0.849428 0.935728 0.790991 0.190815 1.061013 0.373601 0.066185 1.605072 0.729638 0.424937 1.073161 1.787798 1.275986 0.294524 0.380777 1.920379 0.000000 0.553274 0.558507 0.495549 1.480577 1.269861 0.803867 1.131046 0.277886 0.204876 0.888092 1.396907 1.736583 1.208183 1.481989 0.985483 0.347641 0.642614 1.388042
0.369720 1.369720 1.630280 0.630280 0.273576 1.702049 0.768764 0.126129 1.405915 0.603650 0.948655 0.080684 1.151435 0.233858 1.094812 1.402703 0.382454 1.344265 0.362460 0.507739 0.179673 0.487089 1.841654 0.176364 0.128337 1.626435 1.234524 1.829261 0.258751 0.934051 1.526347 0.553274 0.000000 0.005233 0.057725 1.966149 1.823136 0.250593 1.684320 0.275389 0.758150 0.334817 1.950181 1.710142 1.761457 1.964736 1.538758 0.205634 0.089339 0.834768
0.374953 1.374953 1.625047 0.625047 0.278809 1.707282 0.773997 0.120896 1.400682 0.608883 0.943422 0.075451 1.146202 0.228625 1.100045 1.407936 0.377221 1.349498 0.367693 0.502506 0.184906 0.492322 1.836421 0.171131 0.133570 1.631668 1.229291 1.834494 0.263984 0.939284 1.521114 0.558507 0.005233 0.000000 0.062958 1.960916 1.828369 0.245360 1.689553 0.280622 0.763383 0.329584 1.955414 1.704909 1.766690 1.959503 1.543991 0.210867 0.084106 0.829535
0.311995 1.311995 1.688005 0.688005 0.215850 1.644324 0.711039 0.183854 1.463640 0.545925 1.006380 0.138409 1.209160 0.291583 1.037087 1.344978 0.440179 1.286540 0.304735 0.565464 0.121948 0.429364 1.899379 0.234089 0.070612 1.568710 1.292249 1.771536 0.201026 0.876326 1.584072 0.495549 0.057725 0.062958 0.000000 1.976126 1.765411 0.308318 1.626595 0.217664 0.700425 0.392542 1.892456 1.767867 1.703732 1.977538 1.481033 0.147909 0.147064 0.892493
1.664131 0.664131 0.335869 1.335869 1.760276 0.331802 1.265087 1.840020 0.560234 1.430201 1.017493 1.885465 0.814714 1.732291 0.939039 0.631148 1.583695 0.689586 1.671391 1.458410 1.854178 1.546762 0.124495 1.789785 1.905514 0.407416 0.731625 0.204590 1.775101 1.099800 0.439802 1.480577 1.966149 1.960916 1.976126 0.000000 0.210715 1.715556 0.349531 1.758462 1.275701 1.631332 0.083670 0.256007 0.272394 0.001412 0.495093 1.828217 1.876810 1.131381
1.453416 0.453416 0.546584 1.546584 1.549560 0.121087 1.054371 1.949264 0.770950 1.219486 1.228209 1.903820 1.025429 1.943007 0.728323 0.420433 1.794410 0.478871 1.460676 1.669125 1.643463 1.336046 0.335210 1.999499 1.694799 0.196701 0.942341 0.006125 1.564385 0.889085 0.650518 1.269861 1.823136 1.828369 1.765411 0.210715 0.000000 1.926271 0.138815 1.547747 1.064985 1.842047 0.127045 0.466722 0.061679 0.212128 0.284378 1.617502 1.912475 1.342096
0.620313 1.620313 1.379687 0.379687 0.524168 1.952642 1.019357 0.124464 1.155322 0.854243 0.698063 0.169909 0.900842 0.016735 1.345405 1.653296 0.131861 1.594858 0.613053 0.257146 0.430266 0.737682 1.591061 0.074229 0.378930 1.877028 0.983931 1.920146 0.509343 1.184644 1.275754 0.803867 0.250593 0.245360 0.308318 1.715556 1.926271 0.000000 1.934913 0.525982 1.008743 0.084224 1.799226 1.459549 1.987950 1.714144 1.789351 0.456227 0.161254 0.584175
1.314600 0.314600 0.685400 1.685400 1.410745 0.017729 0.915556 1.810449 0.909765 1.080671 1.367024 1.765004 1.164245 1.918178 0.589508 0.281618 1.933226 0.340055 1.321861 1.807941 1.504647 1.197231 0.474026 1.860684 1.555983 0.057885 1.081156 0.144940 1.425570 0.750269 0.789333 1.131046 1.684320 1.689553 1.626595 0.349531 0.138815 1.934913 0.000000 1.408932 0.926170 1.980862 0.265861 0.605537 0.077137 0.350943 0.145563 1.478687 1.773660 1.480912
0.094331 1.094331 1.905669 0.905669 0.001813 1.426660 0.493376 0.401517 1.681304 0.328261 1.224044 0.356073 1.426824 0.509246 0.819423 1.127314 0.657843 1.068876 0.087071 0.783128 0.095716 0.211701 1.882957 0.451752 0.147052 1.351046 1.509912 1.553872 0.016638 0.658662 1.801735 0.277886 0.275389 0.280622 0.217664 1.758462 1.547747 0.525982 1.408932 0.000000 0.482762 0.610206 1.674792 1.985531 1.486068 1.759875 1.263369 0.069755 0.364728 1.110157
0.388430 0.611570 1.611570 1.388430 0.484575 0.943899 0.010614 0.884279 1.835935 0.154501 1.706806 0.838834 1.909585 0.992008 0.336662 0.644552 1.140604 0.586115 0.395691 1.265889 0.578477 0.271061 1.400196 0.934514 0.629813 0.868285 1.992674 1.071110 0.499400 0.175901 1.715503 0.204876 0.758150 0.763383 0.700425 1.275701 1.064985 1.008743 0.926170 0.482762 0.000000 1.092968 1.192031 1.531707 1.003307 1.277113 0.780607 0.552517 0.847490 1.592918
0.704537 1.704537 1.295463 0.295463 0.608393 1.963134 1.103582 0.208689 1.071098 0.938467 0.613838 0.254133 0.816618 0.100959 1.429629 1.737520 0.047637 1.679082 0.697277 0.172922 0.514490 0.821907 1.506837 0.158454 0.463154 1.961252 0.899707 1.835922 0.593568 1.268868 1.191529 0.888092 0.334817 0.329584 0.392542 1.631332 1.842047 0.084224 1.980862 0.610206 1.092968 0.000000 1.715002 1.375325 1.903726 1.629919 1.873575 0.540451 0.245478 0.499951
1.580461 0.580461 0.419539 1.419539 1.676605 0.248132 1.181417 1.923691 0.643904 1.346531 1.101164 1.969135 0.898384 1.815961 0.855369 0.547478 1.667365 0.605916 1.587721 1.542080 1.770508 1.463092 0.208165 1.873456 1.821844 0.323746 0.815295 0.120920 1.691430 1.016130 0.523472 1.396907 1.950181 1.955414 1.892456 0.083670 0.127045 1.799226 0.265861 1.674792 1.192031 1.715002 0.000000 0.339677 0.188724 0.085083 0.411423 1.744547 1.960480 1.215051
1.920138 0.920138 0.079862 1.079862 1.983718 0.587809 1.521093 1.584014 0.304227 1.686208 0.761487 1.629458 0.558707 1.476284 1.195046 0.887155 1.327688 0.945593 1.927398 1.202403 1.889815 1.802768 0.131512 1.533779 1.838479 0.663423 0.475618 0.460597 1.968893 1.355807 0.183796 1.736583 1.710142 1.704909 1.767867 0.256007 0.466722 1.459549 0.605537 1.985531 1.531707 1.375325 0.339677 0.000000 0.528401 0.254594 0.751100 1.915776 1.620803 0.875374
1.391737 0.391737 0.608263 1.608263 1.487882 0.059408 0.992693 1.887586 0.832628 1.157807 1.289887 1.842141 1.087108 1.995315 0.666645 0.358754 1.856089 0.417192 1.398998 1.730804 1.581784 1.274368 0.396889 1.937821 1.633120 0.135022 1.004019 0.067804 1.502707 0.827406 0.712196 1.208183 1.761457 1.766690 1.703732 0.272394 0.061679 1.987950 0.077137 1.486068 1.003307 1.903726 0.188724 0.528401 0.000000 0.273806 0.222699 1.555824 1.850797 1.403775
1.665543 0.665543 0.334457 1.334457 1.761688 0.333214 1.266499 1.838608 0.558822 1.431614 1.016081 1.884053 0.813302 1.730879 0.940451 0.632561 1.582282 0.690998 1.672804 1.456997 1.855591 1.548174 0.123082 1.788373 1.906926 0.408829 0.730213 0.206003 1.776513 1.101212 0.438390 1.481989 1.964736 1.959503 1.977538 0.001412 0.212128 1.714144 0.350943 1.759875 1.277113 1.629919 0.085083 0.254594 0.273806 0.000000 0.496506 1.829630 1.875397 1.129968
1.169038 0.169038 0.830962 1.830962 1.265182 0.163291 0.769993 1.664886 1.055327 0.935108 1.512587 1.619442 1.309807 1.772616 0.443946 0.136055 1.921212 0.194493 1.176298 1.953503 1.359085 1.051669 0.619588 1.715121 1.410421 0.087677 1.226718 0.290503 1.280007 0.604707 0.934896 0.985483 1.538758 1.543991 1.481033 0.495093 0.284378 1.789351 0.145563 1.263369 0.780607 1.873575 0.411423 0.751100 0.222699 0.496506 0.000000 1.333124 1.628097 1.626474
0.164086 1.164086 1.835914 0.835914 0.067942 1.496415 0.563131 0.331762 1.611548 0.398016 1.154289 0.286317 1.357069 0.439491 0.889179 1.197069 0.588088 1.138632 0.156826 0.713373 0.025961 0.281456 1.952712 0.381997 0.077297 1.420801 1.440157 1.623627 0.053117 0.728417 1.731980 0.347641 0.205634 0.210867 0.147909 1.828217 1.617502 0.456227 1.478687 0.069755 0.552517 0.540451 1.744547 1.915776 1.555824 1.829630 1.333124 0.000000 0.294973 1.040402
0.459059 1.459059 1.540941 0.540941 0.362915 1.791388 0.858104 0.036789 1.316575 0.692989 0.859316 0.008656 1.062096 0.144518 1.184152 1.492042 0.293115 1.433605 0.451799 0.418400 0.269012 0.576429 1.752315 0.087024 0.217676 1.715774 1.145184 1.918600 0.348090 1.023390 1.437007 0.642614 0.089339 0.084106 0.147064 1.876810 1.912475 0.161254 1.773660 0.364728 0.847490 0.245478 1.960480 1.620803 1.850797 1.875397 1.628097 0.294973 0.000000 0.745429
1.204488 1.795512 0.795512 0.204488 1.108344 1.463183 1.603532 0.708640 0.571147 1.438418 0.113887 0.754084 0.316667 0.600910 1.929580 1.762529 0.452314 1.820967 1.197228 0.327029 1.014441 1.321857 1.006886 0.658404 0.963105 1.538797 0.399756 1.335971 1.093519 1.768819 0.691579 1.388042 0.834768 0.829535 0.892493 1.131381 1.342096 0.584175 1.480912 1.110157 1.592918 0.499951 1.215051 0.875374 1.403775 1.129968 1.626474 1.040402 0.745429 0.000000
