45
0.000000 1.000000 2.000000 1.000000 1.577441 0.896472 0.622111 1.860100 0.536164 0.867499 1.888877 0.435083 1.056619 0.531018 1.035669 1.027575 1.665239 0.319950 1.242246 1.408131 0.839570 0.477848 1.337844 0.038853 1.568321 1.089244 1.008884 0.890686 1.403358 1.573159 0.799821 0.071415 0.614450 1.594518 1.340624 1.673154 0.965012 1.211048 1.619136 1.406992 1.714452 1.449592 1.004230 0.082740 1.446403
1.000000 0.000000 1.000000 2.000000 1.422559 1.896472 1.622111 0.860100 0.463836 1.867499 1.111123 0.564917 0.056619 1.531018 0.035669 0.027575 1.334761 1.319950 1.757754 0.408131 1.839570 1.477848 0.337844 0.961147 0.568321 0.089244 0.008884 0.109314 0.403358 1.426841 1.799821 1.071415 1.614450 1.405482 1.659376 0.673154 1.965012 1.788952 1.380864 0.406992 0.714452 1.550408 1.995770 0.917260 0.446403
2.000000 1.000000 0.000000 1.000000 0.422559 1.103528 1.377889 0.139900 1.463836 1.132501 0.111123 1.564917 0.943381 1.468982 0.964331 0.972425 0.334761 1.680050 0.757754 0.591869 1.160430 1.522152 0.662156 1.961147 0.431679 0.910756 0.991116 1.109314 0.596642 0.426841 1.200179 1.928585 1.385550 0.405482 0.659376 0.326846 1.034988 0.788952 0.380864 0.593008 0.285548 0.550408 0.995770 1.917260 0.553597
1.000000 2.000000 1.000000 0.000000 0.577441 0.103528 0.377889 1.139900 1.536164 0.132501 0.888877 1.435083 1.943381 0.468982 1.964331 1.972425 0.665239 0.680050 0.242246 1.591869 0.160430 0.522152 1.662156 1.038853 1.431679 1.910756 1.991116 1.890686 1.596642 0.573159 0.200179 0.928585 0.385550 0.594518 0.340624 1.326846 0.034988 0.211048 0.619136 1.593008 1.285548 0.449592 0.004230 1.082740 1.553597
1.577441 1.422559 0.422559 0.577441 0.000000 0.680969 0.955330 0.562459 1.886395 0.709943 0.311435 1.987476 1.365940 1.046423 1.386889 1.394984 0.087798 1.257491 0.335196 1.014428 0.737872 1.099593 1.084715 1.616295 0.854237 1.333315 1.413675 1.531873 1.019201 0.004283 0.777621 1.506026 0.962991 0.017077 0.236817 0.749404 0.612429 0.366394 0.041695 1.015567 0.708106 0.127849 0.573211 1.660181 0.976156
0.896472 1.896472 1.103528 0.103528 0.680969 0.000000 0.274361 1.243428 1.432636 0.028973 0.992405 1.331555 1.953091 0.365454 1.932141 1.924047 0.768767 0.576522 0.345774 1.695397 0.056902 0.418624 1.765684 0.935325 1.535207 1.985716 1.905356 1.787158 1.700170 0.676687 0.096651 0.825057 0.282022 0.698046 0.444152 1.430374 0.068540 0.314576 0.722664 1.696536 1.389076 0.553120 0.107758 0.979212 1.657125
0.622111 1.622111 1.377889 0.377889 0.955330 0.274361 0.000000 1.517789 1.158275 0.245388 1.266766 1.057194 1.678730 0.091093 1.657780 1.649686 1.043129 0.302161 0.620135 1.969758 0.217459 0.144263 1.959955 0.660964 1.809568 1.711355 1.630995 1.512797 1.974531 0.951048 0.177710 0.550696 0.007661 0.972408 0.718513 1.704735 0.342901 0.588937 0.997025 1.970897 1.663437 0.827481 0.382120 0.704850 1.931486
1.860100 0.860100 0.139900 1.139900 0.562459 1.243428 1.517789 0.000000 1.323936 1.272401 0.251023 1.425017 0.803481 1.608882 0.824431 0.832525 0.474660 1.819950 0.897654 0.451969 1.300330 1.662052 0.522256 1.821247 0.291779 0.770856 0.851216 0.969414 0.456743 0.566741 1.340079 1.931515 1.525449 0.545381 0.799276 0.186946 1.174887 0.928852 0.520764 0.453108 0.145648 0.690308 1.135669 1.777361 0.413697
0.536164 0.463836 1.463836 1.536164 1.886395 1.432636 1.158275 1.323936 0.000000 1.403662 1.574959 0.101081 0.520455 1.067182 0.499506 0.491411 1.798597 0.856114 1.778409 0.871967 1.375734 1.014012 0.801680 0.497310 1.032158 0.553080 0.472720 0.354522 0.867194 1.890677 1.335984 0.607579 1.150614 1.869318 1.876788 1.136990 1.501176 1.747211 1.844700 0.870828 1.178289 1.985756 1.540394 0.453424 0.910239
0.867499 1.867499 1.132501 0.132501 0.709943 0.028973 0.245388 1.272401 1.403662 0.000000 1.021378 1.302582 1.924118 0.336480 1.903168 1.895073 0.797741 0.547548 0.374747 1.724370 0.027929 0.389651 1.794657 0.906352 1.564180 1.956743 1.876383 1.758184 1.729144 0.705660 0.067678 0.796084 0.253048 0.727020 0.473125 1.459347 0.097514 0.343549 0.751638 1.725510 1.418049 0.582094 0.136732 0.950238 1.686099
1.888877 1.111123 0.111123 0.888877 0.311435 0.992405 1.266766 0.251023 1.574959 1.021378 0.000000 1.676040 1.054504 1.357859 1.075454 1.083548 0.223637 1.568927 0.646631 0.702992 1.049307 1.411029 0.773279 1.927730 0.542802 1.021879 1.102239 1.220437 0.707766 0.315718 1.089056 1.817462 1.274426 0.294358 0.548253 0.437969 0.923864 0.677829 0.269741 0.704131 0.396671 0.439284 0.884646 1.971616 0.664720
0.435083 0.564917 1.564917 1.435083 1.987476 1.331555 1.057194 1.425017 0.101081 1.302582 1.676040 0.000000 0.621536 0.966101 0.600586 0.592492 1.899677 0.755033 1.677329 0.973048 1.274653 0.912931 0.902761 0.396230 1.133238 0.654161 0.573801 0.455603 0.968275 1.991758 1.234904 0.506498 1.049533 1.970398 1.775707 1.238071 1.400095 1.646131 1.945781 0.971909 1.279369 1.884675 1.439314 0.352344 1.011320
1.056619 0.056619 0.943381 1.943381 1.365940 1.953091 1.678730 0.803481 0.520455 1.924118 1.054504 0.621536 0.000000 1.587637 0.020949 0.029044 1.278142 1.376569 1.701135 0.351512 1.896189 1.534467 0.281225 1.017765 0.511702 0.032625 0.047735 0.165933 0.346739 1.370222 1.856440 1.128034 1.671069 1.348863 1.602757 0.616535 1.978369 1.732333 1.324245 0.350373 0.657833 1.493789 1.939151 0.973879 0.389784
0.531018 1.531018 1.468982 0.468982 1.046423 0.365454 0.091093 1.608882 1.067182 0.336480 1.357859 0.966101 1.587637 0.000000 1.566688 1.558593 1.134221 0.211068 0.711227 1.939149 0.308551 0.053170 1.868862 0.569872 1.900660 1.620262 1.539902 1.421704 1.934376 1.042140 0.268802 0.459603 0.083432 1.063500 0.809606 1.795828 0.433994 0.680029 1.088118 1.938010 1.754529 0.918574 0.473212 0.613758 1.977421
1.035669 0.035669 0.964331 1.964331 1.386889 1.932141 1.657780 0.824431 0.499506 1.903168 1.075454 0.600586 0.020949 1.566688 0.000000 0.008095 1.299091 1.355620 1.722085 0.372462 1.875239 1.513517 0.302175 0.996816 0.532652 0.053575 0.026785 0.144984 0.367688 1.391172 1.835490 1.107084 1.650120 1.369812 1.623707 0.637485 1.999318 1.753283 1.345194 0.371322 0.678783 1.514738 1.960100 0.952930 0.410733
1.027575 0.027575 0.972425 1.972425 1.394984 1.924047 1.649686 0.832525 0.491411 1.895073 1.083548 0.592492 0.029044 1.558593 0.008095 0.000000 1.307186 1.347525 1.730180 0.380556 1.867144 1.505423 0.310269 0.988721 0.540747 0.061669 0.018691 0.136889 0.375783 1.399267 1.827395 1.098990 1.642025 1.377907 1.631801 0.645579 1.992587 1.761378 1.353289 0.379417 0.686878 1.522833 1.968195 0.944835 0.418828
1.665239 1.334761 0.334761 0.665239 0.087798 0.768767 1.043129 0.474660 1.798597 0.797741 0.223637 1.899677 1.278142 1.134221 1.299091 1.307186 0.000000 1.345289 0.422994 0.926629 0.825670 1.187392 0.996916 1.704093 0.766439 1.245516 1.325876 1.444075 0.931403 0.092081 0.865419 1.593824 1.050789 0.070721 0.324616 0.661606 0.700227 0.454192 0.046103 0.927769 0.620308 0.215647 0.661009 1.747979 0.888358
0.319950 1.319950 1.680050 0.680050 1.257491 0.576522 0.302161 1.819950 0.856114 0.547548 1.568927 0.755033 1.376569 0.211068 1.355620 1.347525 1.345289 0.000000 0.922295 1.728081 0.519619 0.157898 1.657794 0.358804 1.888272 1.409194 1.328834 1.210636 1.723308 1.253208 0.479870 0.248535 0.294500 1.274568 1.020674 1.993105 0.645062 0.891097 1.299186 1.726942 1.965597 1.129642 0.684280 0.402690 1.766353
1.242246 1.757754 0.757754 0.242246 0.335196 0.345774 0.620135 0.897654 1.778409 0.374747 0.646631 1.677329 1.701135 0.711227 1.722085 1.730180 0.422994 0.922295 0.000000 1.349623 0.402676 0.764398 1.419910 1.281099 1.189433 1.668510 1.748870 1.867069 1.354397 0.330913 0.442425 1.170831 0.627795 0.352273 0.098378 1.084600 0.277233 0.031198 0.376891 1.350763 1.043302 0.207347 0.238015 1.324985 1.311352
1.408131 0.408131 0.591869 1.591869 1.014428 1.695397 1.969758 0.451969 0.871967 1.724370 0.702992 0.973048 0.351512 1.939149 0.372462 0.380556 0.926629 1.728081 1.349623 0.000000 1.752299 1.885979 0.070287 1.369278 0.160190 0.318887 0.399247 0.517445 0.004773 1.018710 1.792048 1.479546 1.977419 0.997350 1.251245 0.265023 1.626857 1.380821 0.972733 0.001139 0.306321 1.142277 1.587638 1.325392 0.038272
0.839570 1.839570 1.160430 0.160430 0.737872 0.056902 0.217459 1.300330 1.375734 0.027929 1.049307 1.274653 1.896189 0.308551 1.875239 1.867144 0.825670 0.519619 0.402676 1.752299 0.000000 0.361722 1.822586 0.878423 1.592109 1.928814 1.848454 1.730255 1.757073 0.733589 0.039749 0.768155 0.225119 0.754949 0.501054 1.487276 0.125443 0.371478 0.779567 1.753439 1.445978 0.610023 0.164661 0.922309 1.714028
0.477848 1.477848 1.522152 0.522152 1.099593 0.418624 0.144263 1.662052 1.014012 0.389651 1.411029 0.912931 1.534467 0.053170 1.513517 1.505423 1.187392 0.157898 0.764398 1.885979 0.361722 0.000000 1.815692 0.516701 1.953831 1.567092 1.486732 1.368534 1.881206 1.095311 0.321973 0.406433 0.136602 1.116671 0.862776 1.848998 0.487164 0.733200 1.141288 1.884840 1.807700 0.971744 0.526383 0.560587 1.924251
1.337844 0.337844 0.662156 1.662156 1.084715 1.765684 1.959955 0.522256 0.801680 1.794657 0.773279 0.902761 0.281225 1.868862 0.302175 0.310269 0.996916 1.657794 1.419910 0.070287 1.822586 1.815692 0.000000 1.298991 0.230477 0.248600 0.328960 0.447158 0.065514 1.088997 1.862335 1.409259 1.952294 1.067637 1.321532 0.335310 1.697143 1.451108 1.043020 0.069148 0.376608 1.212564 1.657925 1.255105 0.108559
0.038853 0.961147 1.961147 1.038853 1.616295 0.935325 0.660964 1.821247 0.497310 0.906352 1.927730 0.396230 1.017765 0.569872 0.996816 0.988721 1.704093 0.358804 1.281099 1.369278 0.878423 0.516701 1.298991 0.000000 1.529468 1.050391 0.970031 0.851832 1.364504 1.612012 0.838674 0.110268 0.653304 1.633372 1.379477 1.634301 1.003866 1.249901 1.657990 1.368138 1.675599 1.488446 1.043084 0.043886 1.407549
1.568321 0.568321 0.431679 1.431679 0.854237 1.535207 1.809568 0.291779 1.032158 1.564180 0.542802 1.133238 0.511702 1.900660 0.532652 0.540747 0.766439 1.888272 1.189433 0.160190 1.592109 1.953831 0.230477 1.529468 0.000000 0.479077 0.559437 0.677636 0.164964 0.858520 1.631858 1.639736 1.817228 0.837160 1.091055 0.104833 1.466666 1.220631 0.812542 0.161330 0.146131 0.982086 1.427448 1.485582 0.121919
1.089244 0.089244 0.910756 1.910756 1.333315 1.985716 1.711355 0.770856 0.553080 1.956743 1.021879 0.654161 0.032625 1.620262 0.053575 0.061669 1.245516 1.409194 1.668510 0.318887 1.928814 1.567092 0.248600 1.050391 0.479077 0.000000 0.080360 0.198558 0.314114 1.337597 1.889065 1.160659 1.703694 1.316237 1.570132 0.583910 1.945744 1.699708 1.291620 0.317748 0.625208 1.461164 1.906525 1.006505 0.357159
1.008884 0.008884 0.991116 1.991116 1.413675 1.905356 1.630995 0.851216 0.472720 1.876383 1.102239 0.573801 0.047735 1.539902 0.026785 0.018691 1.325876 1.328834 1.748870 0.399247 1.848454 1.486732 0.328960 0.970031 0.559437 0.080360 0.000000 0.118198 0.394474 1.417957 1.808705 1.080299 1.623334 1.396597 1.650492 0.664270 1.973897 1.780068 1.371980 0.398108 0.705568 1.541524 1.986885 0.926145 0.437519
0.890686 0.109314 1.109314 1.890686 1.531873 1.787158 1.512797 0.969414 0.354522 1.758184 1.220437 0.455603 0.165933 1.421704 0.144984 0.136889 1.444075 1.210636 1.867069 0.517445 1.730255 1.368534 0.447158 0.851832 0.677636 0.198558 0.118198 0.000000 0.512672 1.536156 1.690506 0.962101 1.505136 1.514796 1.768690 0.782469 1.855698 1.898267 1.490178 0.516306 0.823767 1.659722 1.894916 0.807946 0.555717
1.403358 0.403358 0.596642 1.596642 1.019201 1.700170 1.974531 0.456743 0.867194 1.729144 0.707766 0.968275 0.346739 1.934376 0.367688 0.375783 0.931403 1.723308 1.354397 0.004773 1.757073 1.881206 0.065514 1.364504 0.164964 0.314114 0.394474 0.512672 0.000000 1.023484 1.796822 1.474773 1.982192 1.002124 1.256019 0.269797 1.631630 1.385595 0.977506 0.003634 0.311095 1.147050 1.592412 1.320618 0.043045
1.573159 1.426841 0.426841 0.573159 0.004283 0.676687 0.951048 0.566741 1.890677 0.705660 0.315718 1.991758 1.370222 1.042140 1.391172 1.399267 0.092081 1.253208 0.330913 1.018710 0.733589 1.095311 1.088997 1.612012 0.858520 1.337597 1.417957 1.536156 1.023484 0.000000 0.773338 1.501744 0.958708 0.021360 0.232535 0.753687 0.608146 0.362111 0.045978 1.019850 0.712389 0.123566 0.568928 1.655898 0.980439
0.799821 1.799821 1.200179 0.200179 0.777621 0.096651 0.177710 1.340079 1.335984 0.067678 1.089056 1.234904 1.856440 0.268802 1.835490 1.827395 0.865419 0.479870 0.442425 1.792048 0.039749 0.321973 1.862335 0.838674 1.631858 1.889065 1.808705 1.690506 1.796822 0.773338 0.000000 0.728406 0.185370 0.794698 0.540803 1.527025 0.165192 0.411227 0.819316 1.793188 1.485727 0.649772 0.204410 0.882560 1.753777
0.071415 1.071415 1.928585 0.928585 1.506026 0.825057 0.550696 1.931515 0.607579 0.796084 1.817462 0.506498 1.128034 0.459603 1.107084 1.098990 1.593824 0.248535 1.170831 1.479546 0.768155 0.406433 1.409259 0.110268 1.639736 1.160659 1.080299 0.962101 1.474773 1.501744 0.728406 0.000000 0.543035 1.523103 1.269209 1.744569 0.893597 1.139633 1.547721 1.478407 1.785867 1.378177 0.932815 0.154155 1.517818
0.614450 1.614450 1.385550 0.385550 0.962991 0.282022 0.007661 1.525449 1.150614 0.253048 1.274426 1.049533 1.671069 0.083432 1.650120 1.642025 1.050789 0.294500 0.627795 1.977419 0.225119 0.136602 1.952294 0.653304 1.817228 1.703694 1.623334 1.505136 1.982192 0.958708 0.185370 0.543035 0.000000 0.980068 0.726173 1.712395 0.350562 0.596597 1.004686 1.978558 1.671097 0.835142 0.389780 0.697190 1.939147
1.594518 1.405482 0.405482 0.594518 0.017077 0.698046 0.972408 0.545381 1.869318 0.727020 0.294358 1.970398 1.348863 1.063500 1.369812 1.377907 0.070721 1.274568 0.352273 0.997350 0.754949 1.116671 1.067637 1.633372 0.837160 1.316237 1.396597 1.514796 1.002124 0.021360 0.794698 1.523103 0.980068 0.000000 0.253895 0.732327 0.629506 0.383471 0.024618 0.998490 0.691029 0.144926 0.590288 1.677258 0.959079
1.340624 1.659376 0.659376 0.340624 0.236817 0.444152 0.718513 0.799276 1.876788 0.473125 0.548253 1.775707 1.602757 0.809606 1.623707 1.631801 0.324616 1.020674 0.098378 1.251245 0.501054 0.862776 1.321532 1.379477 1.091055 1.570132 1.650492 1.768690 1.256019 0.232535 0.540803 1.269209 0.726173 0.253895 0.000000 0.986222 0.375611 0.129576 0.278512 1.252384 0.944924 0.108968 0.336393 1.423363 1.212973
1.673154 0.673154 0.326846 1.326846 0.749404 1.430374 1.704735 0.186946 1.136990 1.459347 0.437969 1.238071 0.616535 1.795828 0.637485 0.645579 0.661606 1.993105 1.084600 0.265023 1.487276 1.848998 0.335310 1.634301 0.104833 0.583910 0.664270 0.782469 0.269797 0.753687 1.527025 1.744569 1.712395 0.732327 0.986222 0.000000 1.361833 1.115798 0.707710 0.266162 0.041298 0.877253 1.322615 1.590415 0.226751
0.965012 1.965012 1.034988 0.034988 0.612429 0.068540 0.342901 1.174887 1.501176 0.097514 0.923864 1.400095 1.978369 0.433994 1.999318 1.992587 0.700227 0.645062 0.277233 1.626857 0.125443 0.487164 1.697143 1.003866 1.466666 1.945744 1.973897 1.855698 1.631630 0.608146 0.165192 0.893597 0.350562 0.629506 0.375611 1.361833 0.000000 0.246035 0.654124 1.627996 1.320535 0.484580 0.039218 1.047752 1.588585
1.211048 1.788952 0.788952 0.211048 0.366394 0.314576 0.588937 0.928852 1.747211 0.343549 0.677829 1.646131 1.732333 0.680029 1.753283 1.761378 0.454192 0.891097 0.031198 1.380821 0.371478 0.733200 1.451108 1.249901 1.220631 1.699708 1.780068 1.898267 1.385595 0.362111 0.411227 1.139633 0.596597 0.383471 0.129576 1.115798 0.246035 0.000000 0.408089 1.381961 1.074500 0.238545 0.206817 1.293787 1.342550
1.619136 1.380864 0.380864 0.619136 0.041695 0.722664 0.997025 0.520764 1.844700 0.751638 0.269741 1.945781 1.324245 1.088118 1.345194 1.353289 0.046103 1.299186 0.376891 0.972733 0.779567 1.141288 1.043020 1.657990 0.812542 1.291620 1.371980 1.490178 0.977506 0.045978 0.819316 1.547721 1.004686 0.024618 0.278512 0.707710 0.654124 0.408089 0.000000 0.973872 0.666411 0.169544 0.614906 1.701876 0.934461
1.406992 0.406992 0.593008 1.593008 1.015567 1.696536 1.970897 0.453108 0.870828 1.725510 0.704131 0.971909 0.350373 1.938010 0.371322 0.379417 0.927769 1.726942 1.350763 0.001139 1.753439 1.884840 0.069148 1.368138 0.161330 0.317748 0.398108 0.516306 0.003634 1.019850 1.793188 1.478407 1.978558 0.998490 1.252384 0.266162 1.627996 1.381961 0.973872 0.000000 0.307461 1.143416 1.588778 1.324252 0.039411
1.714452 0.714452 0.285548 1.285548 0.708106 1.389076 1.663437 0.145648 1.178289 1.418049 0.396671 1.279369 0.657833 1.754529 0.678783 0.686878 0.620308 1.965597 1.043302 0.306321 1.445978 1.807700 0.376608 1.675599 0.146131 0.625208 0.705568 0.823767 0.311095 0.712389 1.485727 1.785867 1.671097 0.691029 0.944924 0.041298 1.320535 1.074500 0.666411 0.307461 0.000000 0.835955 1.281317 1.631713 0.268050
1.449592 1.550408 0.550408 0.449592 0.127849 0.553120 0.827481 0.690308 1.985756 0.582094 0.439284 1.884675 1.493789 0.918574 1.514738 1.522833 0.215647 1.129642 0.207347 1.142277 0.610023 0.971744 1.212564 1.488446 0.982086 1.461164 1.541524 1.659722 1.147050 0.123566 0.649772 1.378177 0.835142 0.144926 0.108968 0.877253 0.484580 0.238545 0.169544 1.143416 0.835955 0.000000 0.445362 1.532332 1.104005
1.004230 1.995770 0.995770 0.004230 0.573211 0.107758 0.382120 1.135669 1.540394 0.136732 0.884646 1.439314 1.939151 0.473212 1.960100 1.968195 0.661009 0.684280 0.238015 1.587638 0.164661 0.526383 1.657925 1.043084 1.427448 1.906525 1.986885 1.894916 1.592412 0.568928 0.204410 0.932815 0.389780 0.590288 0.336393 1.322615 0.039218 0.206817 0.614906 1.588778 1.281317 0.445362 0.000000 1.086970 1.549367
0.082740 0.917260 1.917260 1.082740 1.660181 0.979212 0.704850 1.777361 0.453424 0.950238 1.971616 0.352344 0.973879 0.613758 0.952930 0.944835 1.747979 0.402690 1.324985 1.325392 0.922309 0.560587 1.255105 0.043886 1.485582 1.006505 0.926145 0.807946 1.320618 1.655898 0.882560 0.154155 0.697190 1.677258 1.423363 1.590415 1.047752 1.293787 1.701876 1.324252 1.631713 1.532332 1.086970 0.000000 1.363663
1.446403 0.446403 0.553597 1.553597 0.976156 1.657125 1.931486 0.413697 0.910239 1.686099 0.664720 1.011320 0.389784 1.977421 0.410733 0.418828 0.888358 1.766353 1.311352 0.038272 1.714028 1.924251 0.108559 1.407549 0.121919 0.357159 0.437519 0.555717 0.043045 0.980439 1.753777 1.517818 1.939147 0.959079 1.212973 0.226751 1.588585 1.342550 0.934461 0.039411 0.268050 1.104005 1.549367 1.363663 0.000000
