10
0.000000 1.000000 2.000000 1.000000 0.574103 0.519683 0.814477 1.608490 0.092116 0.538936
1.000000 0.000000 1.000000 2.000000 1.574103 1.519683 1.814477 1.391510 1.092116 0.461064
2.000000 1.000000 0.000000 1.000000 1.425897 1.480317 1.185523 0.391510 1.907884 1.461064
1.000000 2.000000 1.000000 0.000000 0.425897 0.480317 0.185523 0.608490 0.907884 1.538936
0.574103 1.574103 1.425897 0.425897 0.000000 0.054420 0.240374 1.034387 0.481987 1.113039
0.519683 1.519683 1.480317 0.480317 0.054420 0.000000 0.294794 1.088807 0.427567 1.058619
0.814477 1.814477 1.185523 0.185523 0.240374 0.294794 0.000000 0.794013 0.722361 1.353413
1.608490 1.391510 0.391510 0.608490 1.034387 1.088807 0.794013 0.000000 1.516374 1.852574
0.092116 1.092116 1.907884 0.907884 0.481987 0.427567 0.722361 1.516374 0.000000 0.631052
0.538936 0.461064 1.461064 1.538936 1.113039 1.058619 1.353413 1.852574 0.631052 0.000000
