35
0.000000 1.000000 2.000000 1.000000 0.457398 1.982895 1.314276 0.196704 0.193228 0.969572 1.385368 0.260818 1.711151 1.927148 0.430843 0.411332 1.900753 0.238081 0.164369 0.293643 0.207780 0.606847 1.172922 0.170851 1.050756 0.920179 1.625041 1.921627 0.972517 0.261151 1.283250 0.398400 1.887459 0.895907 1.573629
1.000000 0.000000 1.000000 2.000000 0.542602 0.982895 1.685724 1.196704 0.806772 0.030428 1.614632 1.260818 1.288849 1.072852 0.569157 1.411332 1.099247 1.238081 1.164369 0.706357 1.207780 1.606847 1.827078 1.170851 1.949244 1.920179 0.625041 0.921627 1.972517 1.261151 0.283250 0.601600 0.887459 0.104093 1.426371
2.000000 1.000000 0.000000 1.000000 1.542602 0.017105 0.685724 1.803296 1.806772 1.030428 0.614632 1.739182 0.288849 0.072852 1.569157 1.588668 0.099247 1.761919 1.835631 1.706357 1.792220 1.393153 0.827078 1.829149 0.949244 1.079821 0.374959 0.078373 1.027483 1.738849 0.716750 1.601600 0.112541 1.104093 0.426371
1.000000 2.000000 1.000000 0.000000 1.457398 1.017105 0.314276 0.803296 1.193228 1.969572 0.385368 0.739182 0.711151 0.927148 1.430843 0.588668 0.900753 0.761919 0.835631 1.293643 0.792220 0.393153 0.172922 0.829149 0.050756 0.079821 1.374959 1.078373 0.027483 0.738849 1.716750 1.398400 1.112541 1.895907 0.573629
0.457398 0.542602 1.542602 1.457398 0.000000 1.525497 1.771674 0.654102 0.264170 0.512174 1.842766 0.718216 1.831451 1.615454 0.026556 0.868730 1.641849 0.695479 0.621767 0.163756 0.665178 1.064246 1.630320 0.628249 1.508154 1.377577 1.167643 1.464229 1.429915 0.718549 0.825852 0.058998 1.430060 0.438509 1.968973
1.982895 0.982895 0.017105 1.017105 1.525497 0.000000 0.702829 1.820401 1.789667 1.013323 0.631737 1.756287 0.305954 0.089957 1.552053 1.605773 0.116352 1.779024 1.852736 1.689253 1.809325 1.410257 0.844183 1.846254 0.966349 1.096926 0.357854 0.061268 1.044588 1.755953 0.699645 1.584495 0.095437 1.086988 0.443476
1.314276 1.685724 0.685724 0.314276 1.771674 0.702829 0.000000 1.117572 1.507504 1.716152 0.071092 1.053458 0.396875 0.612872 1.745118 0.902944 0.586477 1.076195 1.149907 1.607918 1.106496 0.707428 0.141354 1.143425 0.263520 0.394097 1.060683 0.764097 0.341759 1.053124 1.402474 1.712676 0.798266 1.789817 0.259353
0.196704 1.196704 1.803296 0.803296 0.654102 1.820401 1.117572 0.000000 0.389932 1.166276 1.188664 0.064114 1.514447 1.730444 0.627547 0.214628 1.704049 0.041377 0.032335 0.490347 0.011076 0.410143 0.976217 0.025853 0.854052 0.723475 1.821745 1.881669 0.775813 0.064447 1.479954 0.595104 1.915837 1.092611 1.376925
0.193228 0.806772 1.806772 1.193228 0.264170 1.789667 1.507504 0.389932 0.000000 0.776344 1.578596 0.454046 1.904379 1.879624 0.237614 0.604560 1.906019 0.431309 0.357597 0.100414 0.401008 0.800076 1.366150 0.364079 1.243984 1.113407 1.431813 1.728399 1.165745 0.454380 1.090022 0.205172 1.694230 0.702679 1.766857
0.969572 0.030428 1.030428 1.969572 0.512174 1.013323 1.716152 1.166276 0.776344 0.000000 1.645060 1.230390 1.319277 1.103280 0.538730 1.380905 1.129675 1.207653 1.133941 0.675930 1.177352 1.576420 1.857506 1.140424 1.979672 1.889752 0.655469 0.952054 1.942089 1.230724 0.313677 0.571172 0.917886 0.073665 1.456799
1.385368 1.614632 0.614632 0.385368 1.842766 0.631737 0.071092 1.188664 1.578596 1.645060 0.000000 1.124550 0.325783 0.541780 1.816210 0.974036 0.515385 1.147287 1.220999 1.679010 1.177588 0.778520 0.212446 1.214516 0.334612 0.465189 0.989591 0.693006 0.412851 1.124216 1.331382 1.783768 0.727174 1.718725 0.188261
0.260818 1.260818 1.739182 0.739182 0.718216 1.756287 1.053458 0.064114 0.454046 1.230390 1.124550 0.000000 1.450333 1.666330 0.691660 0.150514 1.639935 0.022737 0.096449 0.554460 0.053038 0.346030 0.912104 0.089966 0.789938 0.659362 1.885859 1.817556 0.711699 0.000334 1.544068 0.659218 1.851724 1.156725 1.312811
1.711151 1.288849 0.288849 0.711151 1.831451 0.305954 0.396875 1.514447 1.904379 1.319277 0.325783 1.450333 0.000000 0.215997 1.858007 1.299819 0.189602 1.473070 1.546782 1.995207 1.503371 1.104303 0.538229 1.540300 0.660395 0.790972 0.663808 0.367223 0.738634 1.449999 1.005599 1.890449 0.401391 1.392942 0.137522
1.927148 1.072852 0.072852 0.927148 1.615454 0.089957 0.612872 1.730444 1.879624 1.103280 0.541780 1.666330 0.215997 0.000000 1.642009 1.515816 0.026395 1.689067 1.762779 1.779209 1.719368 1.320300 0.754226 1.756297 0.876392 1.006969 0.447811 0.151225 0.954631 1.665997 0.789602 1.674452 0.185393 1.176945 0.353519
0.430843 0.569157 1.569157 1.430843 0.026556 1.552053 1.745118 0.627547 0.237614 0.538730 1.816210 0.691660 1.858007 1.642009 0.000000 0.842175 1.668405 0.668923 0.595212 0.137200 0.638622 1.037690 1.603764 0.601694 1.481598 1.351022 1.194199 1.490784 1.403359 0.691994 0.852407 0.032443 1.456616 0.465064 1.995529
0.411332 1.411332 1.588668 0.588668 0.868730 1.605773 0.902944 0.214628 0.604560 1.380905 0.974036 0.150514 1.299819 1.515816 0.842175 0.000000 1.489421 0.173251 0.246963 0.704975 0.203552 0.195515 0.761589 0.240481 0.639423 0.508847 1.963627 1.667041 0.561185 0.150181 1.694582 0.809732 1.701209 1.307239 1.162297
1.900753 1.099247 0.099247 0.900753 1.641849 0.116352 0.586477 1.704049 1.906019 1.129675 0.515385 1.639935 0.189602 0.026395 1.668405 1.489421 0.000000 1.662672 1.736384 1.805605 1.692973 1.293905 0.727831 1.729902 0.849997 0.980574 0.474206 0.177620 0.928236 1.639602 0.815997 1.700847 0.211789 1.203340 0.327124
0.238081 1.238081 1.761919 0.761919 0.695479 1.779024 1.076195 0.041377 0.431309 1.207653 1.147287 0.022737 1.473070 1.689067 0.668923 0.173251 1.662672 0.000000 0.073712 0.531723 0.030301 0.368767 0.934841 0.067229 0.812675 0.682099 1.863122 1.840293 0.734436 0.023071 1.521331 0.636481 1.874461 1.133988 1.335548
0.164369 1.164369 1.835631 0.835631 0.621767 1.852736 1.149907 0.032335 0.357597 1.133941 1.220999 0.096449 1.546782 1.762779 0.595212 0.246963 1.736384 0.073712 0.000000 0.458012 0.043411 0.442479 1.008553 0.006482 0.886387 0.755810 1.789410 1.914004 0.808148 0.096782 1.447619 0.562769 1.948172 1.060276 1.409260
0.293643 0.706357 1.706357 1.293643 0.163756 1.689253 1.607918 0.490347 0.100414 0.675930 1.679010 0.554460 1.995207 1.779209 0.137200 0.704975 1.805605 0.531723 0.458012 0.000000 0.501422 0.900490 1.466564 0.464494 1.344398 1.213822 1.331399 1.627984 1.266159 0.554794 0.989607 0.104757 1.593816 0.602264 1.867271
0.207780 1.207780 1.792220 0.792220 0.665178 1.809325 1.106496 0.011076 0.401008 1.177352 1.177588 0.053038 1.503371 1.719368 0.638622 0.203552 1.692973 0.030301 0.043411 0.501422 0.000000 0.399068 0.965142 0.036928 0.842976 0.712400 1.832821 1.870594 0.764737 0.053372 1.491030 0.606180 1.904762 1.103687 1.365849
0.606847 1.606847 1.393153 0.393153 1.064246 1.410257 0.707428 0.410143 0.800076 1.576420 0.778520 0.346030 1.104303 1.320300 1.037690 0.195515 1.293905 0.368767 0.442479 0.900490 0.399068 0.000000 0.566074 0.435996 0.443908 0.313332 1.768111 1.471526 0.365669 0.345696 1.890097 1.005247 1.505694 1.502754 0.966781
1.172922 1.827078 0.827078 0.172922 1.630320 0.844183 0.141354 0.976217 1.366150 1.857506 0.212446 0.912104 0.538229 0.754226 1.603764 0.761589 0.727831 0.934841 1.008553 1.466564 0.965142 0.566074 0.000000 1.002070 0.122166 0.252742 1.202037 0.905452 0.200405 0.911770 1.543829 1.571321 0.939620 1.931172 0.400707
0.170851 1.170851 1.829149 0.829149 0.628249 1.846254 1.143425 0.025853 0.364079 1.140424 1.214516 0.089966 1.540300 1.756297 0.601694 0.240481 1.729902 0.067229 0.006482 0.464494 0.036928 0.435996 1.002070 0.000000 0.879904 0.749328 1.795892 1.907522 0.801665 0.090300 1.454101 0.569251 1.941690 1.066758 1.402778
1.050756 1.949244 0.949244 0.050756 1.508154 0.966349 0.263520 0.854052 1.243984 1.979672 0.334612 0.789938 0.660395 0.876392 1.481598 0.639423 0.849997 0.812675 0.886387 1.344398 0.842976 0.443908 0.122166 0.879904 0.000000 0.130576 1.324203 1.027618 0.078239 0.789604 1.665995 1.449156 1.061786 1.946663 0.522873
0.920179 1.920179 1.079821 0.079821 1.377577 1.096926 0.394097 0.723475 1.113407 1.889752 0.465189 0.659362 0.790972 1.006969 1.351022 0.508847 0.980574 0.682099 0.755810 1.213822 0.712400 0.313332 0.252742 0.749328 0.130576 0.000000 1.454780 1.158194 0.052337 0.659028 1.796571 1.318579 1.192362 1.816086 0.653450
1.625041 0.625041 0.374959 1.374959 1.167643 0.357854 1.060683 1.821745 1.431813 0.655469 0.989591 1.885859 0.663808 0.447811 1.194199 1.963627 0.474206 1.863122 1.789410 1.331399 1.832821 1.768111 1.202037 1.795892 1.324203 1.454780 0.000000 0.296586 1.402442 1.886193 0.341791 1.226641 0.262417 0.729134 0.801330
1.921627 0.921627 0.078373 1.078373 1.464229 0.061268 0.764097 1.881669 1.728399 0.952054 0.693006 1.817556 0.367223 0.151225 1.490784 1.667041 0.177620 1.840293 1.914004 1.627984 1.870594 1.471526 0.905452 1.907522 1.027618 1.158194 0.296586 0.000000 1.105857 1.817222 0.638377 1.523227 0.034168 1.025720 0.504744
0.972517 1.972517 1.027483 0.027483 1.429915 1.044588 0.341759 0.775813 1.165745 1.942089 0.412851 0.711699 0.738634 0.954631 1.403359 0.561185 0.928236 0.734436 0.808148 1.266159 0.764737 0.365669 0.200405 0.801665 0.078239 0.052337 1.402442 1.105857 0.000000 0.711365 1.744233 1.370917 1.140025 1.868424 0.601112
0.261151 1.261151 1.738849 0.738849 0.718549 1.755953 1.053124 0.064447 0.454380 1.230724 1.124216 0.000334 1.449999 1.665997 0.691994 0.150181 1.639602 0.023071 0.096782 0.554794 0.053372 0.345696 0.911770 0.090300 0.789604 0.659028 1.886193 1.817222 0.711365 0.000000 1.544401 0.659551 1.851390 1.157058 1.312478
1.283250 0.283250 0.716750 1.716750 0.825852 0.699645 1.402474 1.479954 1.090022 0.313677 1.331382 1.544068 1.005599 0.789602 0.852407 1.694582 0.815997 1.521331 1.447619 0.989607 1.491030 1.890097 1.543829 1.454101 1.665995 1.796571 0.341791 0.638377 1.744233 1.544401 0.000000 0.884850 0.604209 0.387343 1.143121
0.398400 0.601600 1.601600 1.398400 0.058998 1.584495 1.712676 0.595104 0.205172 0.571172 1.783768 0.659218 1.890449 1.674452 0.032443 0.809732 1.700847 0.636481 0.562769 0.104757 0.606180 1.005247 1.571321 0.569251 1.449156 1.318579 1.226641 1.523227 1.370917 0.659551 0.884850 0.000000 1.489059 0.497507 1.972029
1.887459 0.887459 0.112541 1.112541 1.430060 0.095437 0.798266 1.915837 1.694230 0.917886 0.727174 1.851724 0.401391 0.185393 1.456616 1.701209 0.211789 1.874461 1.948172 1.593816 1.904762 1.505694 0.939620 1.941690 1.061786 1.192362 0.262417 0.034168 1.140025 1.851390 0.604209 1.489059 0.000000 0.991552 0.538912
0.895907 0.104093 1.104093 1.895907 0.438509 1.086988 1.789817 1.092611 0.702679 0.073665 1.718725 1.156725 1.392942 1.176945 0.465064 1.307239 1.203340 1.133988 1.060276 0.602264 1.103687 1.502754 1.931172 1.066758 1.946663 1.816086 0.729134 1.025720 1.868424 1.157058 0.387343 0.497507 0.991552 0.000000 1.530464
1.573629 1.426371 0.426371 0.573629 1.968973 0.443476 0.259353 1.376925 1.766857 1.456799 0.188261 1.312811 0.137522 0.353519 1.995529 1.162297 0.327124 1.335548 1.409260 1.867271 1.365849 0.966781 0.400707 1.402778 0.522873 0.653450 0.801330 0.504744 0.601112 1.312478 1.143121 1.972029 0.538912 1.530464 0.000000
