25
0.000000 1.000000 2.000000 1.000000 1.375935 0.844351 1.838512 0.985571 1.891426 1.049593 1.582808 0.827790 0.970275 0.904493 1.024561 0.790704 1.990639 1.030082 1.465340 0.982129 0.735981 0.091886 0.971379 1.388159 1.961939
1.000000 0.000000 1.000000 2.000000 0.375935 1.844351 0.838512 0.014429 0.891426 0.049593 0.582808 1.827790 1.970275 0.095507 0.024561 1.790704 1.009361 1.969918 1.534660 0.017871 1.735981 1.091886 0.028621 0.388159 0.961939
2.000000 1.000000 0.000000 1.000000 0.624065 1.155649 0.161488 1.014429 0.108574 0.950407 0.417192 1.172210 1.029725 1.095507 0.975439 1.209296 0.009361 0.969918 0.534660 1.017871 1.264019 1.908114 1.028621 0.611841 0.038061
1.000000 2.000000 1.000000 0.000000 1.624065 0.155649 1.161488 1.985571 1.108574 1.950407 1.417192 0.172210 0.029725 1.904493 1.975439 0.209296 0.990639 0.030082 0.465340 1.982129 0.264019 0.908114 1.971379 1.611841 1.038061
1.375935 0.375935 0.624065 1.624065 0.000000 1.779714 0.462577 0.390365 0.515491 0.326342 0.206873 1.796275 1.653789 0.471442 0.351375 1.833361 0.633426 1.593983 1.158725 0.393807 1.888084 1.467822 0.404557 0.012224 0.586004
0.844351 1.844351 1.155649 0.155649 1.779714 0.000000 1.317137 1.829921 1.264223 1.893944 1.572842 0.016561 0.125925 1.748844 1.868911 0.053647 1.146289 0.185731 0.620989 1.826479 0.108370 0.752464 1.815729 1.767490 1.193711
1.838512 0.838512 0.161488 1.161488 0.462577 1.317137 0.000000 0.852941 0.052914 0.788919 0.255704 1.333698 1.191213 0.934019 0.813951 1.370784 0.170849 1.131406 0.696148 0.856383 1.425507 1.930398 0.867133 0.450353 0.123427
0.985571 0.014429 1.014429 1.985571 0.390365 1.829921 0.852941 0.000000 0.905856 0.064023 0.597237 1.813360 1.955846 0.081077 0.038990 1.776274 1.023790 1.984348 1.549090 0.003442 1.721551 1.077457 0.014192 0.402589 0.976368
1.891426 0.891426 0.108574 1.108574 0.515491 1.264223 0.052914 0.905856 0.000000 0.841833 0.308618 1.280784 1.138298 0.986933 0.866866 1.317870 0.117935 1.078492 0.643234 0.909298 1.372593 1.983313 0.920048 0.503267 0.070513
1.049593 0.049593 0.950407 1.950407 0.326342 1.893944 0.788919 0.064023 0.841833 0.000000 0.533215 1.877383 1.980131 0.145100 0.025033 1.840297 0.959768 1.920325 1.485067 0.067465 1.785574 1.141480 0.078215 0.338566 0.912346
1.582808 0.582808 0.417192 1.417192 0.206873 1.572842 0.255704 0.597237 0.308618 0.533215 0.000000 1.589402 1.446917 0.678315 0.558247 1.626489 0.426553 1.387110 0.951853 0.600679 1.681211 1.674694 0.611429 0.194649 0.379131
0.827790 1.827790 1.172210 0.172210 1.796275 0.016561 1.333698 1.813360 1.280784 1.877383 1.589402 0.000000 0.142486 1.732283 1.852350 0.037086 1.162849 0.202292 0.637550 1.809918 0.091809 0.735904 1.799168 1.784051 1.210271
0.970275 1.970275 1.029725 0.029725 1.653789 0.125925 1.191213 1.955846 1.138298 1.980131 1.446917 0.142486 0.000000 1.874769 1.994836 0.179572 1.020364 0.059806 0.495064 1.952404 0.234295 0.878389 1.941654 1.641565 1.067786
0.904493 0.095507 1.095507 1.904493 0.471442 1.748844 0.934019 0.081077 0.986933 0.145100 0.678315 1.732283 1.874769 0.000000 0.120067 1.695197 1.104868 1.934575 1.630167 0.077635 1.640474 0.996380 0.066885 0.483666 1.057446
1.024561 0.024561 0.975439 1.975439 0.351375 1.868911 0.813951 0.038990 0.866866 0.025033 0.558247 1.852350 1.994836 0.120067 0.000000 1.815264 0.984800 1.945358 1.510100 0.042432 1.760541 1.116447 0.053182 0.363598 0.937378
0.790704 1.790704 1.209296 0.209296 1.833361 0.053647 1.370784 1.776274 1.317870 1.840297 1.626489 0.037086 0.179572 1.695197 1.815264 0.000000 1.199935 0.239378 0.674636 1.772832 0.054723 0.698817 1.762082 1.821137 1.247357
1.990639 1.009361 0.009361 0.990639 0.633426 1.146289 0.170849 1.023790 0.117935 0.959768 0.426553 1.162849 1.020364 1.104868 0.984800 1.199935 0.000000 0.960557 0.525300 1.027232 1.254658 1.898753 1.037982 0.621202 0.047422
1.030082 1.969918 0.969918 0.030082 1.593983 0.185731 1.131406 1.984348 1.078492 1.920325 1.387110 0.202292 0.059806 1.934575 1.945358 0.239378 0.960557 0.000000 0.435258 1.987790 0.294101 0.938195 1.998540 1.581759 1.007979
1.465340 1.534660 0.534660 0.465340 1.158725 0.620989 0.696148 1.549090 0.643234 1.485067 0.951853 0.637550 0.495064 1.630167 1.510100 0.674636 0.525300 0.435258 0.000000 1.552532 0.729359 1.373453 1.563282 1.146501 0.572722
0.982129 0.017871 1.017871 1.982129 0.393807 1.826479 0.856383 0.003442 0.909298 0.067465 0.600679 1.809918 1.952404 0.077635 0.042432 1.772832 1.027232 1.987790 1.552532 0.000000 1.718109 1.074015 0.010750 0.406031 0.979810
0.735981 1.735981 1.264019 0.264019 1.888084 0.108370 1.425507 1.721551 1.372593 1.785574 1.681211 0.091809 0.234295 1.640474 1.760541 0.054723 1.254658 0.294101 0.729359 1.718109 0.000000 0.644095 1.707359 1.875860 1.302080
0.091886 1.091886 1.908114 0.908114 1.467822 0.752464 1.930398 1.077457 1.983313 1.141480 1.674694 0.735904 0.878389 0.996380 1.116447 0.698817 1.898753 0.938195 1.373453 1.074015 0.644095 0.000000 1.063265 1.480045 1.946175
0.971379 0.028621 1.028621 1.971379 0.404557 1.815729 0.867133 0.014192 0.920048 0.078215 0.611429 1.799168 1.941654 0.066885 0.053182 1.762082 1.037982 1.998540 1.563282 0.010750 1.707359 1.063265 0.000000 0.416780 0.990560
1.388159 0.388159 0.611841 1.611841 0.012224 1.767490 0.450353 0.402589 0.503267 0.338566 0.194649 1.784051 1.641565 0.483666 0.363598 1.821137 0.621202 1.581759 1.146501 0.406031 1.875860 1.480045 0.416780 0.000000 0.573780
1.961939 0.961939 0.038061 1.038061 0.586004 1.193711 0.123427 0.976368 0.070513 0.912346 0.379131 1.210271 1.067786 1.057446 0.937378 1.247357 0.047422 1.007979 0.572722 0.979810 1.302080 1.946175 0.990560 0.573780 0.000000
