30
0.000000 1.000000 2.000000 1.000000 0.858807 0.645699 0.080957 1.306515 0.755805 0.351278 1.817793 1.739833 0.588933 1.560438 0.683660 0.265420 1.129494 0.309086 0.712331 0.687137 0.781224 1.869292 0.611393 0.527849 1.240810 0.091874 0.260249 0.398196 0.598771 1.443166
1.000000 0.000000 1.000000 2.000000 0.141193 1.645699 0.919043 0.306515 0.244195 1.351278 1.182207 1.260167 1.588933 1.439562 0.316340 0.734580 0.129494 0.690914 0.287669 0.312863 1.781224 0.869292 1.611393 0.472151 0.240810 0.908126 1.260249 0.601804 1.598771 0.443166
2.000000 1.000000 0.000000 1.000000 1.141193 1.354301 1.919043 0.693485 1.244195 1.648722 0.182207 0.260167 1.411067 0.439562 1.316340 1.734580 0.870506 1.690914 1.287669 1.312863 1.218776 0.130708 1.388607 1.472151 0.759190 1.908126 1.739751 1.601804 1.401229 0.556834
1.000000 2.000000 1.000000 0.000000 1.858807 0.354301 1.080957 1.693485 1.755805 0.648722 0.817793 0.739833 0.411067 0.560438 1.683660 1.265420 1.870506 1.309086 1.712331 1.687137 0.218776 1.130708 0.388607 1.527849 1.759190 1.091874 0.739751 1.398196 0.401229 1.556834
0.858807 0.141193 1.141193 1.858807 0.000000 1.504506 0.777851 0.447708 0.103002 1.210085 1.323400 1.401360 1.447740 1.580755 0.175147 0.593387 0.270687 0.549721 0.146476 0.171670 1.640031 1.010485 1.470200 0.330958 0.382003 0.766933 1.119056 0.460611 1.457578 0.584359
0.645699 1.645699 1.354301 0.354301 1.504506 0.000000 0.726656 1.952214 1.401505 0.294422 1.172094 1.094134 0.056766 0.914739 1.329360 0.911119 1.775193 0.954786 1.358030 1.332836 0.135525 1.485009 0.034307 1.173548 1.886510 0.737574 0.385451 1.043895 0.046928 1.911134
0.080957 0.919043 1.919043 1.080957 0.777851 0.726656 0.000000 1.225558 0.674849 0.432234 1.898750 1.820790 0.669890 1.641394 0.602704 0.184463 1.048538 0.228130 0.631374 0.606181 0.862180 1.788335 0.692349 0.446892 1.159854 0.010918 0.341205 0.317240 0.679727 1.362210
1.306515 0.306515 0.693485 1.693485 0.447708 1.952214 1.225558 0.000000 0.550709 1.657792 0.875692 0.953652 1.895448 1.133047 0.622854 1.041095 0.177021 0.997428 0.594184 0.619378 1.912261 0.562777 1.917907 0.778666 0.065704 1.214640 1.566763 0.908319 1.905286 0.136652
0.755805 0.244195 1.244195 1.755805 0.103002 1.401505 0.674849 0.550709 0.000000 1.107083 1.426402 1.504361 1.344739 1.683757 0.072145 0.490386 0.373689 0.446719 0.043474 0.068668 1.537029 1.113487 1.367198 0.227957 0.485005 0.663931 1.016054 0.357609 1.354576 0.687361
0.351278 1.351278 1.648722 0.648722 1.210085 0.294422 0.432234 1.657792 1.107083 0.000000 1.466516 1.388556 0.237656 1.209160 1.034938 0.616697 1.480772 0.660364 1.063609 1.038415 0.429946 1.779431 0.260115 0.879126 1.592088 0.443152 0.091029 0.749474 0.247493 1.794444
1.817793 1.182207 0.182207 0.817793 1.323400 1.172094 1.898750 0.875692 1.426402 1.466516 0.000000 0.077960 1.228860 0.257355 1.498546 1.916787 1.052713 1.873120 1.469876 1.495070 1.036569 0.312915 1.206401 1.654358 0.941396 1.909668 1.557544 1.784011 1.219022 0.739040
1.739833 1.260167 0.260167 0.739833 1.401360 1.094134 1.820790 0.953652 1.504361 1.388556 0.077960 0.000000 1.150900 0.179395 1.576506 1.994747 1.130673 1.951080 1.547836 1.573030 0.958609 0.390875 1.128441 1.732318 1.019356 1.831708 1.479585 1.861970 1.141062 0.817000
0.588933 1.588933 1.411067 0.411067 1.447740 0.056766 0.669890 1.895448 1.344739 0.237656 1.228860 1.150900 0.000000 0.971505 1.272594 0.854353 1.718427 0.898020 1.301264 1.276070 0.192291 1.541775 0.022459 1.116782 1.829744 0.680808 0.328685 0.987130 0.009838 1.967900
1.560438 1.439562 0.439562 0.560438 1.580755 0.914739 1.641394 1.133047 1.683757 1.209160 0.257355 0.179395 0.971505 0.000000 1.755902 1.825858 1.310068 1.869524 1.727231 1.752425 0.779214 0.570270 0.949045 1.911713 1.198752 1.652312 1.300189 1.958634 0.961667 0.996396
0.683660 0.316340 1.316340 1.683660 0.175147 1.329360 0.602704 0.622854 0.072145 1.034938 1.498546 1.576506 1.272594 1.755902 0.000000 0.418241 0.445834 0.374574 0.028671 0.003477 1.464884 1.185631 1.295053 0.155812 0.557150 0.591786 0.943909 0.285464 1.282431 0.759506
0.265420 0.734580 1.734580 1.265420 0.593387 0.911119 0.184463 1.041095 0.490386 0.616697 1.916787 1.994747 0.854353 1.825858 0.418241 0.000000 0.864074 0.043667 0.446911 0.421717 1.046644 1.603872 0.876812 0.262429 0.975391 0.173545 0.525668 0.132777 0.864191 1.177747
1.129494 0.129494 0.870506 1.870506 0.270687 1.775193 1.048538 0.177021 0.373689 1.480772 1.052713 1.130673 1.718427 1.310068 0.445834 0.864074 0.000000 0.820408 0.417163 0.442357 1.910718 0.739798 1.740887 0.601645 0.111316 1.037620 1.389743 0.731298 1.728265 0.313672
0.309086 0.690914 1.690914 1.309086 0.549721 0.954786 0.228130 0.997428 0.446719 0.660364 1.873120 1.951080 0.898020 1.869524 0.374574 0.043667 0.820408 0.000000 0.403245 0.378051 1.090310 1.560205 0.920479 0.218762 0.931724 0.217212 0.569335 0.089110 0.907857 1.134080
0.712331 0.287669 1.287669 1.712331 0.146476 1.358030 0.631374 0.594184 0.043474 1.063609 1.469876 1.547836 1.301264 1.727231 0.028671 0.446911 0.417163 0.403245 0.000000 0.025194 1.493555 1.156961 1.323724 0.184482 0.528480 0.620456 0.972580 0.314135 1.311102 0.730835
0.687137 0.312863 1.312863 1.687137 0.171670 1.332836 0.606181 0.619378 0.068668 1.038415 1.495070 1.573030 1.276070 1.752425 0.003477 0.421717 0.442357 0.378051 0.025194 0.000000 1.468361 1.182155 1.298530 0.159288 0.553673 0.595263 0.947386 0.288941 1.285908 0.756029
0.781224 1.781224 1.218776 0.218776 1.640031 0.135525 0.862180 1.912261 1.537029 0.429946 1.036569 0.958609 0.192291 0.779214 1.464884 1.046644 1.910718 1.090310 1.493555 1.468361 0.000000 1.349484 0.169831 1.309073 1.977966 0.873098 0.520975 1.179420 0.182453 1.775610
1.869292 0.869292 0.130708 1.130708 1.010485 1.485009 1.788335 0.562777 1.113487 1.779431 0.312915 0.390875 1.541775 0.570270 1.185631 1.603872 0.739798 1.560205 1.156961 1.182155 1.349484 0.000000 1.519316 1.341443 0.628481 1.777417 1.870459 1.471096 1.531937 0.426125
0.611393 1.611393 1.388607 0.388607 1.470200 0.034307 0.692349 1.917907 1.367198 0.260115 1.206401 1.128441 0.022459 0.949045 1.295053 0.876812 1.740887 0.920479 1.323724 1.298530 0.169831 1.519316 0.000000 1.139241 1.852203 0.703267 0.351144 1.009589 0.012622 1.945441
0.527849 0.472151 1.472151 1.527849 0.330958 1.173548 0.446892 0.778666 0.227957 0.879126 1.654358 1.732318 1.116782 1.911713 0.155812 0.262429 0.601645 0.218762 0.184482 0.159288 1.309073 1.341443 1.139241 0.000000 0.712962 0.435974 0.788097 0.129653 1.126620 0.915318
1.240810 0.240810 0.759190 1.759190 0.382003 1.886510 1.159854 0.065704 0.485005 1.592088 0.941396 1.019356 1.829744 1.198752 0.557150 0.975391 0.111316 0.931724 0.528480 0.553673 1.977966 0.628481 1.852203 0.712962 0.000000 1.148936 1.501059 0.842614 1.839581 0.202356
0.091874 0.908126 1.908126 1.091874 0.766933 0.737574 0.010918 1.214640 0.663931 0.443152 1.909668 1.831708 0.680808 1.652312 0.591786 0.173545 1.037620 0.217212 0.620456 0.595263 0.873098 1.777417 0.703267 0.435974 1.148936 0.000000 0.352123 0.306322 0.690645 1.351292
0.260249 1.260249 1.739751 0.739751 1.119056 0.385451 0.341205 1.566763 1.016054 0.091029 1.557544 1.479585 0.328685 1.300189 0.943909 0.525668 1.389743 0.569335 0.972580 0.947386 0.520975 1.870459 0.351144 0.788097 1.501059 0.352123 0.000000 0.658445 0.338522 1.703415
0.398196 0.601804 1.601804 1.398196 0.460611 1.043895 0.317240 0.908319 0.357609 0.749474 1.784011 1.861970 0.987130 1.958634 0.285464 0.132777 0.731298 0.089110 0.314135 0.288941 1.179420 1.471096 1.009589 0.129653 0.842614 0.306322 0.658445 0.000000 0.996967 1.044970
0.598771 1.598771 1.401229 0.401229 1.457578 0.046928 0.679727 1.905286 1.354576 0.247493 1.219022 1.141062 0.009838 0.961667 1.282431 0.864191 1.728265 0.907857 1.311102 1.285908 0.182453 1.531937 0.012622 1.126620 1.839581 0.690645 0.338522 0.996967 0.000000 1.958063
1.443166 0.443166 0.556834 1.556834 0.584359 1.911134 1.362210 0.136652 0.687361 1.794444 0.739040 0.817000 1.967900 0.996396 0.759506 1.177747 0.313672 1.134080 0.730835 0.756029 1.775610 0.426125 1.945441 0.915318 0.202356 1.351292 1.703415 1.044970 1.958063 0.000000
