30
0.000000 1.000000 2.000000 1.000000 1.457494 1.743146 1.619973 0.090955 0.765650 1.014594 0.512352 0.500901 1.300310 0.394372 1.952627 0.806236 1.686770 0.895615 1.114015 0.084924 0.486851 1.788706 1.831217 0.058775 1.406162 1.371411 0.785031 1.204826 1.967355 0.817977
1.000000 0.000000 1.000000 2.000000 1.542506 1.256854 1.380027 0.909045 1.765650 0.014594 0.487648 1.500901 1.699690 1.394372 1.047373 0.193764 1.313230 1.895615 1.885985 0.915076 0.513149 1.211294 0.831217 0.941225 1.593838 0.371411 0.214969 1.795174 0.967355 1.817977
2.000000 1.000000 0.000000 1.000000 0.542506 0.256854 0.380027 1.909045 1.234350 0.985406 1.487648 1.499099 0.699690 1.605628 0.047373 1.193764 0.313230 1.104385 0.885985 1.915076 1.513149 0.211294 0.168783 1.941225 0.593838 0.628589 1.214969 0.795174 0.032645 1.182023
1.000000 2.000000 1.000000 0.000000 0.457494 0.743146 0.619973 1.090955 0.234350 1.985406 1.512352 0.499099 0.300310 0.605628 0.952627 1.806236 0.686770 0.104385 0.114015 1.084924 1.486851 0.788706 1.168783 1.058775 0.406162 1.628589 1.785031 0.204826 1.032645 0.182023
1.457494 1.542506 0.542506 0.457494 0.000000 0.285652 0.162478 1.548449 0.691844 1.527912 1.969846 0.956593 0.157184 1.063122 0.495133 1.736270 0.229276 0.561879 0.343479 1.542418 1.944345 0.331212 0.711288 1.516269 0.051332 1.171095 1.757475 0.252668 0.575151 0.639517
1.743146 1.256854 0.256854 0.743146 0.285652 0.000000 0.123173 1.834101 0.977496 1.242260 1.744502 1.242245 0.442836 1.348774 0.209481 1.450618 0.056376 0.847531 0.629131 1.828070 1.770003 0.045560 0.425637 1.801921 0.336984 0.885443 1.471823 0.538320 0.289499 0.925169
1.619973 1.380027 0.380027 0.619973 0.162478 0.123173 0.000000 1.710927 0.854322 1.365433 1.867676 1.119071 0.319662 1.225600 0.332655 1.573792 0.066797 0.724358 0.505958 1.704896 1.893176 0.168734 0.548810 1.678747 0.213810 1.008617 1.594997 0.415146 0.412673 0.801995
0.090955 0.909045 1.909045 1.090955 1.548449 1.834101 1.710927 0.000000 0.856605 0.923639 0.421397 0.591856 1.391265 0.485327 1.956418 0.715281 1.777725 0.986569 1.204970 0.006031 0.395897 1.879661 1.740263 0.032180 1.497117 1.280456 0.694076 1.295781 1.876400 0.908932
0.765650 1.765650 1.234350 0.234350 0.691844 0.977496 0.854322 0.856605 0.000000 1.780244 1.278002 0.264749 0.534660 0.371278 1.186977 1.571886 0.921120 0.129964 0.348365 0.850574 1.252502 1.023056 1.403132 0.824425 0.640512 1.862939 1.550681 0.439176 1.266995 0.052327
1.014594 0.014594 0.985406 1.985406 1.527912 1.242260 1.365433 0.923639 1.780244 0.000000 0.502242 1.515495 1.685096 1.408966 1.032779 0.208358 1.298636 1.910209 1.871391 0.929671 0.527743 1.196700 0.816623 0.955819 1.579243 0.356817 0.229563 1.780580 0.952761 1.832571
0.512352 0.487648 1.487648 1.512352 1.969846 1.744502 1.867676 0.421397 1.278002 0.502242 0.000000 1.013253 1.812662 0.906724 1.535021 0.293884 1.800878 1.407967 1.626367 0.427428 0.025501 1.698942 1.318866 0.453577 1.918514 0.859059 0.272679 1.717178 1.455003 1.330329
0.500901 1.500901 1.499099 0.499099 0.956593 1.242245 1.119071 0.591856 0.264749 1.515495 1.013253 0.000000 0.799409 0.106529 1.451726 1.307137 1.185869 0.394713 0.613114 0.585825 0.987753 1.287805 1.667881 0.559676 0.905261 1.872312 1.285932 0.703925 1.531744 0.317076
1.300310 1.699690 0.699690 0.300310 0.157184 0.442836 0.319662 1.391265 0.534660 1.685096 1.812662 0.799409 0.000000 0.905938 0.652317 1.893454 0.386460 0.404696 0.186295 1.385234 1.787162 0.488396 0.868472 1.359085 0.105852 1.328279 1.914659 0.095484 0.732335 0.482333
0.394372 1.394372 1.605628 0.605628 1.063122 1.348774 1.225600 0.485327 0.371278 1.408966 0.906724 0.106529 0.905938 0.000000 1.558255 1.200608 1.292398 0.501243 0.719643 0.479296 0.881223 1.394334 1.774410 0.453147 1.011790 1.765783 1.179403 0.810454 1.638273 0.423605
1.952627 1.047373 0.047373 0.952627 0.495133 0.209481 0.332655 1.956418 1.186977 1.032779 1.535021 1.451726 0.652317 1.558255 0.000000 1.241137 0.265857 1.057012 0.838612 1.962449 1.560522 0.163921 0.216155 1.988598 0.546465 0.675962 1.262342 0.747801 0.080018 1.134650
0.806236 0.193764 1.193764 1.806236 1.736270 1.450618 1.573792 0.715281 1.571886 0.208358 0.293884 1.307137 1.893454 1.200608 1.241137 0.000000 1.506994 1.701850 1.920251 0.721312 0.319384 1.405058 1.024982 0.747461 1.787602 0.565175 0.021205 1.988938 1.161119 1.624213
1.686770 1.313230 0.313230 0.686770 0.229276 0.056376 0.066797 1.777725 0.921120 1.298636 1.800878 1.185869 0.386460 1.292398 0.265857 1.506994 0.000000 0.791155 0.572755 1.771693 1.826379 0.101936 0.482013 1.745545 0.280608 0.941819 1.528199 0.481944 0.345875 0.868793
0.895615 1.895615 1.104385 0.104385 0.561879 0.847531 0.724358 0.986569 0.129964 1.910209 1.407967 0.394713 0.404696 0.501243 1.057012 1.701850 0.791155 0.000000 0.218400 0.980538 1.382466 0.893092 1.273168 0.954390 0.510548 1.732975 1.680646 0.309212 1.137030 0.077638
1.114015 1.885985 0.885985 0.114015 0.343479 0.629131 0.505958 1.204970 0.348365 1.871391 1.626367 0.613114 0.186295 0.719643 0.838612 1.920251 0.572755 0.218400 0.000000 1.198939 1.600866 0.674691 1.054767 1.172790 0.292147 1.514574 1.899046 0.090811 0.918630 0.296038
0.084924 0.915076 1.915076 1.084924 1.542418 1.828070 1.704896 0.006031 0.850574 0.929671 0.427428 0.585825 1.385234 0.479296 1.962449 0.721312 1.771693 0.980538 1.198939 0.000000 0.401928 1.873630 1.746294 0.026149 1.491086 1.286487 0.700107 1.289750 1.882431 0.902901
0.486851 0.513149 1.513149 1.486851 1.944345 1.770003 1.893176 0.395897 1.252502 0.527743 0.025501 0.987753 1.787162 0.881223 1.560522 0.319384 1.826379 1.382466 1.600866 0.401928 0.000000 1.724442 1.344366 0.428076 1.893014 0.884559 0.298180 1.691678 1.480504 1.304828
1.788706 1.211294 0.211294 0.788706 0.331212 0.045560 0.168734 1.879661 1.023056 1.196700 1.698942 1.287805 0.488396 1.394334 0.163921 1.405058 0.101936 0.893092 0.674691 1.873630 1.724442 0.000000 0.380076 1.847481 0.382544 0.839883 1.426263 0.583880 0.243939 0.970729
1.831217 0.831217 0.168783 1.168783 0.711288 0.425637 0.548810 1.740263 1.403132 0.816623 1.318866 1.667881 0.868472 1.774410 0.216155 1.024982 0.482013 1.273168 1.054767 1.746294 1.344366 0.380076 0.000000 1.772443 0.762620 0.459807 1.046187 0.963956 0.136137 1.350805
0.058775 0.941225 1.941225 1.058775 1.516269 1.801921 1.678747 0.032180 0.824425 0.955819 0.453577 0.559676 1.359085 0.453147 1.988598 0.747461 1.745545 0.954390 1.172790 0.026149 0.428076 1.847481 1.772443 0.000000 1.464937 1.312636 0.726256 1.263601 1.908580 0.876752
1.406162 1.593838 0.593838 0.406162 0.051332 0.336984 0.213810 1.497117 0.640512 1.579243 1.918514 0.905261 0.105852 1.011790 0.546465 1.787602 0.280608 0.510548 0.292147 1.491086 1.893014 0.382544 0.762620 1.464937 0.000000 1.222427 1.808807 0.201336 0.626483 0.588185
1.371411 0.371411 0.628589 1.628589 1.171095 0.885443 1.008617 1.280456 1.862939 0.356817 0.859059 1.872312 1.328279 1.765783 0.675962 0.565175 0.941819 1.732975 1.514574 1.286487 0.884559 0.839883 0.459807 1.312636 1.222427 0.000000 0.586380 1.423763 0.595944 1.810612
0.785031 0.214969 1.214969 1.785031 1.757475 1.471823 1.594997 0.694076 1.550681 0.229563 0.272679 1.285932 1.914659 1.179403 1.262342 0.021205 1.528199 1.680646 1.899046 0.700107 0.298180 1.426263 1.046187 0.726256 1.808807 0.586380 0.000000 1.989857 1.182324 1.603008
1.204826 1.795174 0.795174 0.204826 0.252668 0.538320 0.415146 1.295781 0.439176 1.780580 1.717178 0.703925 0.095484 0.810454 0.747801 1.988938 0.481944 0.309212 0.090811 1.289750 1.691678 0.583880 0.963956 1.263601 0.201336 1.423763 1.989857 0.000000 0.827819 0.386849
1.967355 0.967355 0.032645 1.032645 0.575151 0.289499 0.412673 1.876400 1.266995 0.952761 1.455003 1.531744 0.732335 1.638273 0.080018 1.161119 0.345875 1.137030 0.918630 1.882431 1.480504 0.243939 0.136137 1.908580 0.626483 0.595944 1.182324 0.827819 0.000000 1.214668
0.817977 1.817977 1.182023 0.182023 0.639517 0.925169 0.801995 0.908932 0.052327 1.832571 1.330329 0.317076 0.482333 0.423605 1.134650 1.624213 0.868793 0.077638 0.296038 0.902901 1.304828 0.970729 1.350805 0.876752 0.588185 1.810612 1.603008 0.386849 1.214668 0.000000
