35
0.000000 1.000000 2.000000 1.000000 1.673641 0.591296 1.229623 1.100646 1.034452 1.145645 1.336045 0.721932 1.539581 1.447412 0.942762 1.638077 1.563037 1.913497 0.296051 0.418730 1.891725 0.268859 1.964156 1.006824 1.508833 1.613793 0.248211 1.633674 1.024561 1.169122 1.323423 1.944581 0.591241 1.800256 1.510820
1.000000 0.000000 1.000000 2.000000 1.326359 0.408704 1.770377 0.100646 0.034452 1.854355 0.336045 0.278068 0.539581 1.552588 0.057238 0.638077 0.563037 1.086503 1.296051 1.418730 0.891725 1.268859 1.035844 0.006824 1.491167 1.386207 1.248211 1.366326 1.975439 1.830878 0.323423 1.055419 0.408759 1.199744 0.510820
2.000000 1.000000 0.000000 1.000000 0.326359 1.408704 0.770377 0.899354 0.965548 0.854355 0.663955 1.278068 0.460419 0.552588 1.057238 0.361923 0.436963 0.086503 1.703949 1.581270 0.108275 1.731141 0.035844 0.993176 0.491167 0.386207 1.751789 0.366326 0.975439 0.830878 0.676577 0.055419 1.408759 0.199744 0.489180
1.000000 2.000000 1.000000 0.000000 0.673641 1.591296 0.229623 1.899354 1.965548 0.145645 1.663955 1.721932 1.460419 0.447412 1.942762 1.361923 1.436963 0.913497 0.703949 0.581270 1.108275 0.731141 0.964156 1.993176 0.508833 0.613793 0.751789 0.633674 0.024561 0.169122 1.676577 0.944581 1.591241 0.800256 1.489180
1.673641 1.326359 0.326359 0.673641 0.000000 1.735063 0.444018 1.225713 1.291907 0.527996 0.990314 1.604427 0.786778 0.226229 1.383596 0.688282 0.763321 0.239856 1.377590 1.254911 0.434634 1.404782 0.290515 1.319535 0.164808 0.059848 1.425430 0.039967 0.649081 0.504519 1.002936 0.270939 1.735118 0.126615 0.815539
0.591296 0.408704 1.408704 1.591296 1.735063 0.000000 1.820919 0.509350 0.443156 1.736941 0.744749 0.130636 0.948285 1.961292 0.351466 1.046781 0.971741 1.495207 0.887347 1.010026 1.300429 0.860155 1.444548 0.415528 1.899871 1.794911 0.839507 1.775030 1.615857 1.760418 0.732127 1.464123 0.000055 1.608448 0.919524
1.229623 1.770377 0.770377 0.229623 0.444018 1.820919 0.000000 1.669731 1.735925 0.083978 1.434332 1.951555 1.230796 0.217789 1.827615 1.132300 1.207340 0.683875 0.933572 0.810893 0.878652 0.960764 0.734534 1.763553 0.279210 0.384170 0.981412 0.404051 0.205062 0.060501 1.446954 0.714958 1.820864 0.570633 1.259558
1.100646 0.100646 0.899354 1.899354 1.225713 0.509350 1.669731 0.000000 0.066194 1.753709 0.235399 0.378714 0.438935 1.451942 0.157883 0.537431 0.462392 0.985857 1.396697 1.519376 0.791080 1.369505 0.935198 0.093821 1.390522 1.285561 1.348857 1.265681 1.874794 1.730232 0.222777 0.954774 0.509404 1.099099 0.410174
1.034452 0.034452 0.965548 1.965548 1.291907 0.443156 1.735925 0.066194 0.000000 1.819903 0.301593 0.312520 0.505129 1.518136 0.091689 0.603625 0.528586 1.052051 1.330503 1.453182 0.857273 1.303311 1.001392 0.027627 1.456716 1.351755 1.282663 1.331874 1.940988 1.796426 0.288971 1.020968 0.443210 1.165293 0.476368
1.145645 1.854355 0.854355 0.145645 0.527996 1.736941 0.083978 1.753709 1.819903 0.000000 1.518310 1.867577 1.314774 0.301767 1.911592 1.216278 1.291317 0.767852 0.849594 0.726915 0.962629 0.876786 0.818511 1.847530 0.363187 0.468148 0.897434 0.488028 0.121085 0.023477 1.530932 0.798935 1.736887 0.654610 1.343535
1.336045 0.336045 0.663955 1.663955 0.990314 0.744749 1.434332 0.235399 0.301593 1.518310 0.000000 0.614113 0.203536 1.216543 0.393282 0.302032 0.226993 0.750458 1.632096 1.754775 0.555680 1.604904 0.699799 0.329220 1.155123 1.050162 1.584256 1.030281 1.639395 1.494833 0.012622 0.719375 0.744803 0.863700 0.174775
0.721932 0.278068 1.278068 1.721932 1.604427 0.130636 1.951555 0.378714 0.312520 1.867577 0.614113 0.000000 0.817649 1.830656 0.220830 0.916145 0.841105 1.364570 1.017983 1.140662 1.169793 0.990791 1.313911 0.284892 1.769235 1.664275 0.970143 1.644394 1.746493 1.891054 0.601491 1.333487 0.130691 1.477812 0.788887
1.539581 0.539581 0.460419 1.460419 0.786778 0.948285 1.230796 0.438935 0.505129 1.314774 0.203536 0.817649 0.000000 1.013007 0.596818 0.098496 0.023457 0.546922 1.835632 1.958311 0.352144 1.808440 0.496263 0.532756 0.951587 0.846626 1.787792 0.826745 1.435859 1.291297 0.216158 0.515839 0.948340 0.660164 0.028761
1.447412 1.552588 0.552588 0.447412 0.226229 1.961292 0.217789 1.451942 1.518136 0.301767 1.216543 1.830656 1.013007 0.000000 1.609826 0.914511 0.989551 0.466086 1.151361 1.028682 0.660863 1.178553 0.516745 1.545764 0.061421 0.166381 1.199201 0.186262 0.422851 0.278290 1.229165 0.497169 1.961347 0.352844 1.041769
0.942762 0.057238 1.057238 1.942762 1.383596 0.351466 1.827615 0.157883 0.091689 1.911592 0.393282 0.220830 0.596818 1.609826 0.000000 0.695314 0.620275 1.143740 1.238814 1.361493 0.948963 1.211621 1.093081 0.064062 1.548405 1.443444 1.190974 1.423564 1.967323 1.888116 0.380661 1.112657 0.351521 1.256982 0.568057
1.638077 0.638077 0.361923 1.361923 0.688282 1.046781 1.132300 0.537431 0.603625 1.216278 0.302032 0.916145 0.098496 0.914511 0.695314 0.000000 0.075039 0.448426 1.934128 1.943193 0.253648 1.906936 0.397767 0.631252 0.853091 0.748130 1.886288 0.728249 1.337363 1.192801 0.314654 0.417343 1.046836 0.561668 0.127257
1.563037 0.563037 0.436963 1.436963 0.763321 0.971741 1.207340 0.462392 0.528586 1.291317 0.226993 0.841105 0.023457 0.989551 0.620275 0.075039 0.000000 0.523465 1.859089 1.981768 0.328688 1.831896 0.472806 0.556213 0.928130 0.823169 1.811249 0.803289 1.412402 1.267841 0.239614 0.492382 0.971796 0.636707 0.052218
1.913497 1.086503 0.086503 0.913497 0.239856 1.495207 0.683875 0.985857 1.052051 0.767852 0.750458 1.364570 0.546922 0.466086 1.143740 0.448426 0.523465 0.000000 1.617446 1.494767 0.194777 1.644639 0.050659 1.079678 0.404665 0.299704 1.665286 0.279824 0.888937 0.744376 0.763080 0.031083 1.495261 0.113242 0.575683
0.296051 1.296051 1.703949 0.703949 1.377590 0.887347 0.933572 1.396697 1.330503 0.849594 1.632096 1.017983 1.835632 1.151361 1.238814 1.934128 1.859089 1.617446 0.000000 0.122679 1.812224 0.027192 1.668105 1.302876 1.212781 1.317742 0.047840 1.337623 0.728509 0.873071 1.619474 1.648529 0.887293 1.504204 1.806871
0.418730 1.418730 1.581270 0.581270 1.254911 1.010026 0.810893 1.519376 1.453182 0.726915 1.754775 1.140662 1.958311 1.028682 1.361493 1.943193 1.981768 1.494767 0.122679 0.000000 1.689545 0.149871 1.545426 1.425555 1.090102 1.195063 0.170519 1.214944 0.605830 0.750392 1.742153 1.525850 1.009971 1.381525 1.929550
1.891725 0.891725 0.108275 1.108275 0.434634 1.300429 0.878652 0.791080 0.857273 0.962629 0.555680 1.169793 0.352144 0.660863 0.948963 0.253648 0.328688 0.194777 1.812224 1.689545 0.000000 1.839416 0.144118 0.884901 0.599442 0.494482 1.860064 0.474601 1.083714 0.939153 0.568302 0.163694 1.300484 0.308019 0.380906
0.268859 1.268859 1.731141 0.731141 1.404782 0.860155 0.960764 1.369505 1.303311 0.876786 1.604904 0.990791 1.808440 1.178553 1.211621 1.906936 1.831896 1.644639 0.027192 0.149871 1.839416 0.000000 1.695298 1.275683 1.239974 1.344934 0.020648 1.364815 0.755702 0.900263 1.592282 1.675722 0.860100 1.531397 1.779678
1.964156 1.035844 0.035844 0.964156 0.290515 1.444548 0.734534 0.935198 1.001392 0.818511 0.699799 1.313911 0.496263 0.516745 1.093081 0.397767 0.472806 0.050659 1.668105 1.545426 0.144118 1.695298 0.000000 1.029019 0.455324 0.350363 1.715945 0.330483 0.939596 0.795035 0.712421 0.019576 1.444602 0.163901 0.525024
1.006824 0.006824 0.993176 1.993176 1.319535 0.415528 1.763553 0.093821 0.027627 1.847530 0.329220 0.284892 0.532756 1.545764 0.064062 0.631252 0.556213 1.079678 1.302876 1.425555 0.884901 1.275683 1.029019 0.000000 1.484343 1.379383 1.255036 1.359502 1.968615 1.824054 0.316599 1.048595 0.415583 1.192920 0.503995
1.508833 1.491167 0.491167 0.508833 0.164808 1.899871 0.279210 1.390522 1.456716 0.363187 1.155123 1.769235 0.951587 0.061421 1.548405 0.853091 0.928130 0.404665 1.212781 1.090102 0.599442 1.239974 0.455324 1.484343 0.000000 0.104961 1.260621 0.124841 0.484272 0.339711 1.167744 0.435748 1.899926 0.291423 0.980348
1.613793 1.386207 0.386207 0.613793 0.059848 1.794911 0.384170 1.285561 1.351755 0.468148 1.050162 1.664275 0.846626 0.166381 1.443444 0.748130 0.823169 0.299704 1.317742 1.195063 0.494482 1.344934 0.350363 1.379383 0.104961 0.000000 1.365582 0.019881 0.589233 0.444671 1.062784 0.330787 1.794966 0.186462 0.875387
0.248211 1.248211 1.751789 0.751789 1.425430 0.839507 0.981412 1.348857 1.282663 0.897434 1.584256 0.970143 1.787792 1.199201 1.190974 1.886288 1.811249 1.665286 0.047840 0.170519 1.860064 0.020648 1.715945 1.255036 1.260621 1.365582 0.000000 1.385463 0.776349 0.920911 1.571634 1.696369 0.839453 1.552044 1.759031
1.633674 1.366326 0.366326 0.633674 0.039967 1.775030 0.404051 1.265681 1.331874 0.488028 1.030281 1.644394 0.826745 0.186262 1.423564 0.728249 0.803289 0.279824 1.337623 1.214944 0.474601 1.364815 0.330483 1.359502 0.124841 0.019881 1.385463 0.000000 0.609113 0.464552 1.042903 0.310907 1.775085 0.166582 0.855507
1.024561 1.975439 0.975439 0.024561 0.649081 1.615857 0.205062 1.874794 1.940988 0.121085 1.639395 1.746493 1.435859 0.422851 1.967323 1.337363 1.412402 0.888937 0.728509 0.605830 1.083714 0.755702 0.939596 1.968615 0.484272 0.589233 0.776349 0.609113 0.000000 0.144561 1.652016 0.920020 1.615802 0.775695 1.464620
1.169122 1.830878 0.830878 0.169122 0.504519 1.760418 0.060501 1.730232 1.796426 0.023477 1.494833 1.891054 1.291297 0.278290 1.888116 1.192801 1.267841 0.744376 0.873071 0.750392 0.939153 0.900263 0.795035 1.824054 0.339711 0.444671 0.920911 0.464552 0.144561 0.000000 1.507455 0.775459 1.760363 0.631134 1.320058
1.323423 0.323423 0.676577 1.676577 1.002936 0.732127 1.446954 0.222777 0.288971 1.530932 0.012622 0.601491 0.216158 1.229165 0.380661 0.314654 0.239614 0.763080 1.619474 1.742153 0.568302 1.592282 0.712421 0.316599 1.167744 1.062784 1.571634 1.042903 1.652016 1.507455 0.000000 0.731996 0.732182 0.876321 0.187397
1.944581 1.055419 0.055419 0.944581 0.270939 1.464123 0.714958 0.954774 1.020968 0.798935 0.719375 1.333487 0.515839 0.497169 1.112657 0.417343 0.492382 0.031083 1.648529 1.525850 0.163694 1.675722 0.019576 1.048595 0.435748 0.330787 1.696369 0.310907 0.920020 0.775459 0.731996 0.000000 1.464178 0.144325 0.544600
0.591241 0.408759 1.408759 1.591241 1.735118 0.000055 1.820864 0.509404 0.443210 1.736887 0.744803 0.130691 0.948340 1.961347 0.351521 1.046836 0.971796 1.495261 0.887293 1.009971 1.300484 0.860100 1.444602 0.415583 1.899926 1.794966 0.839453 1.775085 1.615802 1.760363 0.732182 1.464178 0.000000 1.608503 0.919578
1.800256 1.199744 0.199744 0.800256 0.126615 1.608448 0.570633 1.099099 1.165293 0.654610 0.863700 1.477812 0.660164 0.352844 1.256982 0.561668 0.636707 0.113242 1.504204 1.381525 0.308019 1.531397 0.163901 1.192920 0.291423 0.186462 1.552044 0.166582 0.775695 0.631134 0.876321 0.144325 1.608503 0.000000 0.688925
1.510820 0.510820 0.489180 1.489180 0.815539 0.919524 1.259558 0.410174 0.476368 1.343535 0.174775 0.788887 0.028761 1.041769 0.568057 0.127257 0.052218 0.575683 1.806871 1.929550 0.380906 1.779678 0.525024 0.503995 0.980348 0.875387 1.759031 0.855507 1.464620 1.320058 0.187397 0.544600 0.919578 0.688925 0.000000
