15
0.000000 1.000000 2.000000 1.000000 1.404392 1.555190 0.388825 1.186276 0.437824 0.225173 0.276483 0.429187 0.524203 0.782103 1.710152
1.000000 0.000000 1.000000 2.000000 0.404392 1.444810 0.611175 0.186276 0.562176 1.225173 1.276483 1.429187 0.475797 0.217897 0.710152
2.000000 1.000000 0.000000 1.000000 0.595608 0.444810 1.611175 0.813724 1.562176 1.774827 1.723517 1.570813 1.475797 1.217897 0.289848
1.000000 2.000000 1.000000 0.000000 1.595608 0.555190 1.388825 1.813724 1.437824 0.774827 0.723517 0.570813 1.524203 1.782103 1.289848
1.404392 0.404392 0.595608 1.595608 0.000000 1.040418 1.015567 0.218116 0.966567 1.629565 1.680875 1.833579 0.880189 0.622289 0.305760
1.555190 1.444810 0.444810 0.555190 1.040418 0.000000 1.944015 1.258534 1.993015 1.330017 1.278707 1.126003 1.920607 1.662707 0.734658
0.388825 0.611175 1.611175 1.388825 1.015567 1.944015 0.000000 0.797451 0.049000 0.613998 0.665308 0.818012 0.135378 0.393278 1.321327
1.186276 0.186276 0.813724 1.813724 0.218116 1.258534 0.797451 0.000000 0.748451 1.411449 1.462759 1.615463 0.662072 0.404173 0.523876
0.437824 0.562176 1.562176 1.437824 0.966567 1.993015 0.049000 0.748451 0.000000 0.662997 0.714307 0.867012 0.086379 0.344278 1.272327
0.225173 1.225173 1.774827 0.774827 1.629565 1.330017 0.613998 1.411449 0.662997 0.000000 0.051310 0.204014 0.749376 1.007276 1.935325
0.276483 1.276483 1.723517 0.723517 1.680875 1.278707 0.665308 1.462759 0.714307 0.051310 0.000000 0.152704 0.800686 1.058586 1.986635
0.429187 1.429187 1.570813 0.570813 1.833579 1.126003 0.818012 1.615463 0.867012 0.204014 0.152704 0.000000 0.953391 1.211290 1.860661
0.524203 0.475797 1.475797 1.524203 0.880189 1.920607 0.135378 0.662072 0.086379 0.749376 0.800686 0.953391 0.000000 0.257899 1.185948
0.782103 0.217897 1.217897 1.782103 0.622289 1.662707 0.393278 0.404173 0.344278 1.007276 1.058586 1.211290 0.257899 0.000000 0.928049
1.710152 0.710152 0.289848 1.289848 0.305760 0.734658 1.321327 0.523876 1.272327 1.935325 1.986635 1.860661 1.185948 0.928049 0.000000
