20
0.000000 1.000000 2.000000 1.000000 0.145935 0.614624 1.486527 1.642859 0.035871 0.218158 1.618055 1.254285 1.812811 1.205431 0.505052 1.786420 0.102687 0.618815 1.239530 0.830004
1.000000 0.000000 1.000000 2.000000 0.854065 1.614624 0.486527 1.357141 1.035871 1.218158 0.618055 0.254285 0.812811 1.794569 0.494948 0.786420 1.102687 1.618815 0.239530 1.830004
2.000000 1.000000 0.000000 1.000000 1.854065 1.385376 0.513473 0.357141 1.964129 1.781842 0.381945 0.745715 0.187189 0.794569 1.494948 0.213580 1.897313 1.381185 0.760470 1.169996
1.000000 2.000000 1.000000 0.000000 1.145935 0.385376 1.513473 0.642859 0.964129 0.781842 1.381945 1.745715 1.187189 0.205431 1.505052 1.213580 0.897313 0.381185 1.760470 0.169996
0.145935 0.854065 1.854065 1.145935 0.000000 0.760560 1.340591 1.788795 0.181806 0.364093 1.472120 1.108350 1.666875 1.351366 0.359117 1.640484 0.248622 0.764750 1.093595 0.975939
0.614624 1.614624 1.385376 0.385376 0.760560 0.000000 1.898849 1.028235 0.578754 0.396466 1.767321 1.868909 1.572565 0.590807 1.119677 1.598956 0.511937 0.004191 1.854154 0.215380
1.486527 0.486527 0.513473 1.513473 1.340591 1.898849 0.000000 0.870614 1.522397 1.704685 0.131528 0.232242 0.326284 1.308042 0.981474 0.299893 1.589214 1.894658 0.246997 1.683469
1.642859 1.357141 0.357141 0.642859 1.788795 1.028235 0.870614 0.000000 1.606989 1.424702 0.739086 1.102855 0.544330 0.437428 1.852088 0.570721 1.540173 1.024045 1.117611 0.812855
0.035871 1.035871 1.964129 0.964129 0.181806 0.578754 1.522397 1.606989 0.000000 0.182287 1.653926 1.290156 1.848682 1.169560 0.540923 1.822291 0.066816 0.582944 1.275401 0.794133
0.218158 1.218158 1.781842 0.781842 0.364093 0.396466 1.704685 1.424702 0.182287 0.000000 1.836213 1.472443 1.969031 0.987273 0.723210 1.995422 0.115471 0.400657 1.457688 0.611846
1.618055 0.618055 0.381945 1.381945 1.472120 1.767321 0.131528 0.739086 1.653926 1.836213 0.000000 0.363770 0.194756 1.176514 1.113003 0.168365 1.720742 1.763130 0.378525 1.551941
1.254285 0.254285 0.745715 1.745715 1.108350 1.868909 0.232242 1.102855 1.290156 1.472443 0.363770 0.000000 0.558526 1.540284 0.749233 0.532135 1.356972 1.873100 0.014755 1.915711
1.812811 0.812811 0.187189 1.187189 1.666875 1.572565 0.326284 0.544330 1.848682 1.969031 0.194756 0.558526 0.000000 0.981758 1.307759 0.026391 1.915498 1.568374 0.573281 1.357185
1.205431 1.794569 0.794569 0.205431 1.351366 0.590807 1.308042 0.437428 1.169560 0.987273 1.176514 1.540284 0.981758 0.000000 1.710483 1.008149 1.102744 0.586616 1.555039 0.375427
0.505052 0.494948 1.494948 1.505052 0.359117 1.119677 0.981474 1.852088 0.540923 0.723210 1.113003 0.749233 1.307759 1.710483 0.000000 1.281368 0.607739 1.123867 0.734478 1.335056
1.786420 0.786420 0.213580 1.213580 1.640484 1.598956 0.299893 0.570721 1.822291 1.995422 0.168365 0.532135 0.026391 1.008149 1.281368 0.000000 1.889107 1.594765 0.546890 1.383576
0.102687 1.102687 1.897313 0.897313 0.248622 0.511937 1.589214 1.540173 0.066816 0.115471 1.720742 1.356972 1.915498 1.102744 0.607739 1.889107 0.000000 0.516128 1.342217 0.727317
0.618815 1.618815 1.381185 0.381185 0.764750 0.004191 1.894658 1.024045 0.582944 0.400657 1.763130 1.873100 1.568374 0.586616 1.123867 1.594765 0.516128 0.000000 1.858345 0.211189
1.239530 0.239530 0.760470 1.760470 1.093595 1.854154 0.246997 1.117611 1.275401 1.457688 0.378525 0.014755 0.573281 1.555039 0.734478 0.546890 1.342217 1.858345 0.000000 1.930466
0.830004 1.830004 1.169996 0.169996 0.975939 0.215380 1.683469 0.812855 0.794133 0.611846 1.551941 1.915711 1.357185 0.375427 1.335056 1.383576 0.727317 0.211189 1.930466 0.000000
