35
0.000000 1.000000 2.000000 1.000000 0.258184 1.391735 1.524192 1.484198 1.591005 0.294569 0.961840 0.109856 0.108796 0.807769 1.099612 0.188282 0.847034 1.723831 0.837106 1.544331 0.488571 1.165665 1.784373 1.357839 1.732265 0.803105 0.290113 0.033770 1.544299 1.969400 1.869217 1.504541 1.293154 0.260669 0.007250
1.000000 0.000000 1.000000 2.000000 1.258184 0.391735 1.475808 0.484198 1.408995 1.294569 1.961840 0.890144 1.108796 1.807769 0.099612 1.188282 1.847034 0.723831 1.837106 1.455669 0.511429 1.834335 1.215627 0.357839 0.732265 1.803105 0.709887 0.966230 1.455701 1.030600 1.130783 0.504541 1.706846 1.260669 0.992750
2.000000 1.000000 0.000000 1.000000 1.741816 0.608265 0.475808 0.515802 0.408995 1.705431 1.038160 1.890144 1.891204 1.192231 0.900388 1.811718 1.152966 0.276169 1.162894 0.455669 1.511429 0.834335 0.215627 0.642161 0.267735 1.196895 1.709887 1.966230 0.455701 0.030600 0.130783 0.495459 0.706846 1.739331 1.992750
1.000000 2.000000 1.000000 0.000000 0.741816 1.608265 0.524192 1.515802 0.591005 0.705431 0.038160 1.109856 0.891204 0.192231 1.900388 0.811718 0.152966 1.276169 0.162894 0.544331 1.488571 0.165665 0.784373 1.642161 1.267735 0.196895 1.290113 1.033770 0.544299 0.969400 0.869217 1.495459 0.293154 0.739331 1.007250
0.258184 1.258184 1.741816 0.741816 0.000000 1.649919 1.266007 1.742383 1.332820 0.036385 0.703656 0.368040 0.149388 0.549584 1.357796 0.069903 0.588849 1.982015 0.578922 1.286147 0.746755 0.907481 1.526189 1.616023 1.990449 0.544920 0.548297 0.291954 1.286115 1.711216 1.611033 1.762725 1.034970 0.002485 0.265434
1.391735 0.391735 0.608265 1.608265 1.649919 0.000000 1.084073 0.092464 1.017260 1.686304 1.646425 1.281879 1.500531 1.800496 0.292123 1.580017 1.761231 0.332096 1.771159 1.063934 0.903164 1.442600 0.823892 0.033896 0.340530 1.805161 1.101622 1.357965 1.063966 0.638865 0.739048 0.112806 1.315111 1.652404 1.384485
1.524192 1.475808 0.475808 0.524192 1.266007 1.084073 0.000000 0.991610 0.066813 1.229623 0.562352 1.634047 1.415396 0.716423 1.376197 1.335910 0.677158 0.751978 0.687086 0.020140 1.987238 0.358526 0.260182 1.117970 0.743544 0.721087 1.814304 1.557961 0.020108 0.445208 0.345026 0.971268 0.231038 1.263522 1.531442
1.484198 0.484198 0.515802 1.515802 1.742383 0.092464 0.991610 0.000000 0.924797 1.778767 1.553962 1.374343 1.592994 1.708033 0.384587 1.672480 1.668768 0.239632 1.678696 0.971470 0.995628 1.350136 0.731428 0.126360 0.248066 1.712697 1.194086 1.450429 0.971502 0.546402 0.646584 0.020342 1.222648 1.744868 1.476948
1.591005 1.408995 0.408995 0.591005 1.332820 1.017260 0.066813 0.924797 0.000000 1.296436 0.629165 1.700860 1.482209 0.783236 1.309384 1.402723 0.743971 0.685165 0.753899 0.046673 1.920425 0.425339 0.193369 1.051157 0.676730 0.787900 1.881117 1.624774 0.046705 0.378395 0.278213 0.904455 0.297851 1.330335 1.598255
0.294569 1.294569 1.705431 0.705431 0.036385 1.686304 1.229623 1.778767 1.296436 0.000000 0.667271 0.404425 0.185773 0.513200 1.394181 0.106287 0.552465 1.981600 0.542537 1.249762 0.783140 0.871096 1.489804 1.652408 1.973166 0.508536 0.584682 0.328339 1.249730 1.674831 1.574648 1.799110 0.998585 0.033900 0.301819
0.961840 1.961840 1.038160 0.038160 0.703656 1.646425 0.562352 1.553962 0.629165 0.667271 0.000000 1.071696 0.853044 0.154071 1.938548 0.773558 0.114806 1.314329 0.124734 0.582491 1.450410 0.203825 0.822534 1.680322 1.305895 0.158735 1.251952 0.995609 0.582460 1.007560 0.907377 1.533619 0.331314 0.701171 0.969090
0.109856 0.890144 1.890144 1.109856 0.368040 1.281879 1.634047 1.374343 1.700860 0.404425 1.071696 0.000000 0.218652 0.917624 0.989756 0.298137 0.956889 1.613975 0.946962 1.654187 0.378715 1.275521 1.894229 1.247983 1.622409 0.912960 0.180257 0.076086 1.654155 1.920744 1.979073 1.394685 1.403010 0.370525 0.102606
0.108796 1.108796 1.891204 0.891204 0.149388 1.500531 1.415396 1.592994 1.482209 0.185773 0.853044 0.218652 0.000000 0.698973 1.208408 0.079486 0.738238 1.832627 0.728310 1.435535 0.597367 1.056869 1.675577 1.466635 1.841061 0.694309 0.398909 0.142566 1.435503 1.860604 1.760421 1.613337 1.184358 0.151873 0.116046
0.807769 1.807769 1.192231 0.192231 0.549584 1.800496 0.716423 1.708033 0.783236 0.513200 0.154071 0.917624 0.698973 0.000000 1.907380 0.619487 0.039265 1.468401 0.029337 0.736563 1.296339 0.357897 0.976605 1.834393 1.459966 0.004664 1.097881 0.841538 0.736531 1.161631 1.061449 1.687691 0.485385 0.547099 0.815019
1.099612 0.099612 0.900388 1.900388 1.357796 0.292123 1.376197 0.384587 1.309384 1.394181 1.938548 0.989756 1.208408 1.907380 0.000000 1.287893 1.946645 0.624219 1.936718 1.356057 0.611041 1.734723 1.116015 0.258227 0.632653 1.902716 0.809499 1.065842 1.356089 0.930988 1.031171 0.404929 1.607234 1.360281 1.092362
0.188282 1.188282 1.811718 0.811718 0.069903 1.580017 1.335910 1.672480 1.402723 0.106287 0.773558 0.298137 0.079486 0.619487 1.287893 0.000000 0.658752 1.912112 0.648824 1.356050 0.676852 0.977384 1.596092 1.546120 1.920546 0.614823 0.478394 0.222051 1.356018 1.781118 1.680936 1.692822 1.104872 0.072388 0.195532
0.847034 1.847034 1.152966 0.152966 0.588849 1.761231 0.677158 1.668768 0.743971 0.552465 0.114806 0.956889 0.738238 0.039265 1.946645 0.658752 0.000000 1.429136 0.009928 0.697298 1.335604 0.318632 0.937340 1.795128 1.420701 0.043929 1.137146 0.880803 0.697266 1.122366 1.022184 1.648426 0.446120 0.586364 0.854284
1.723831 0.723831 0.276169 1.276169 1.982015 0.332096 0.751978 0.239632 0.685165 1.981600 1.314329 1.613975 1.832627 1.468401 0.624219 1.912112 1.429136 0.000000 1.439063 0.731838 1.235260 1.110504 0.491796 0.365992 0.008434 1.473065 1.433718 1.690061 0.731870 0.306769 0.406952 0.219290 0.983015 1.984500 1.716581
0.837106 1.837106 1.162894 0.162894 0.578922 1.771159 0.687086 1.678696 0.753899 0.542537 0.124734 0.946962 0.728310 0.029337 1.936718 0.648824 0.009928 1.439063 0.000000 0.707225 1.325677 0.328559 0.947268 1.805056 1.430629 0.034001 1.127219 0.870876 0.707194 1.132294 1.032111 1.658353 0.456048 0.576437 0.844356
1.544331 1.455669 0.455669 0.544331 1.286147 1.063934 0.020140 0.971470 0.046673 1.249762 0.582491 1.654187 1.435535 0.736563 1.356057 1.356050 0.697298 0.731838 0.707225 0.000000 1.967098 0.378666 0.240042 1.097830 0.723404 0.741227 1.834444 1.578101 0.000032 0.425069 0.324886 0.951128 0.251177 1.283662 1.551581
0.488571 0.511429 1.511429 1.488571 0.746755 0.903164 1.987238 0.995628 1.920425 0.783140 1.450410 0.378715 0.597367 1.296339 0.611041 0.676852 1.335604 1.235260 1.325677 1.967098 0.000000 1.654236 1.727056 0.869268 1.243694 1.291675 0.198458 0.454801 1.967130 1.542029 1.642212 1.015970 1.781725 0.749240 0.481321
1.165665 1.834335 0.834335 0.165665 0.907481 1.442600 0.358526 1.350136 0.425339 0.871096 0.203825 1.275521 1.056869 0.357897 1.734723 0.977384 0.318632 1.110504 0.328559 0.378666 1.654236 0.000000 0.618708 1.476496 1.102070 0.362561 1.455778 1.199435 0.378634 0.803735 0.703552 1.329794 0.127489 0.904996 1.172915
1.784373 1.215627 0.215627 0.784373 1.526189 0.823892 0.260182 0.731428 0.193369 1.489804 0.822534 1.894229 1.675577 0.976605 1.116015 1.596092 0.937340 0.491796 0.947268 0.240042 1.727056 0.618708 0.000000 0.857788 0.483362 0.981269 1.925514 1.818143 0.240074 0.185026 0.084844 0.711086 0.491219 1.523704 1.791623
1.357839 0.357839 0.642161 1.642161 1.616023 0.033896 1.117970 0.126360 1.051157 1.652408 1.680322 1.247983 1.466635 1.834393 0.258227 1.546120 1.795128 0.365992 1.805056 1.097830 0.869268 1.476496 0.857788 0.000000 0.374426 1.839057 1.067726 1.324069 1.097862 0.672761 0.772944 0.146702 1.349007 1.618508 1.350589
1.732265 0.732265 0.267735 1.267735 1.990449 0.340530 0.743544 0.248066 0.676730 1.973166 1.305895 1.622409 1.841061 1.459966 0.632653 1.920546 1.420701 0.008434 1.430629 0.723404 1.243694 1.102070 0.483362 0.374426 0.000000 1.464631 1.442152 1.698495 0.723436 0.298335 0.398518 0.227724 0.974581 1.992934 1.725015
0.803105 1.803105 1.196895 0.196895 0.544920 1.805161 0.721087 1.712697 0.787900 0.508536 0.158735 0.912960 0.694309 0.004664 1.902716 0.614823 0.043929 1.473065 0.034001 0.741227 1.291675 0.362561 0.981269 1.839057 1.464631 0.000000 1.093217 0.836874 0.741195 1.166295 1.066113 1.692355 0.490049 0.542435 0.810355
0.290113 0.709887 1.709887 1.290113 0.548297 1.101622 1.814304 1.194086 1.881117 0.584682 1.251952 0.180257 0.398909 1.097881 0.809499 0.478394 1.137146 1.433718 1.127219 1.834444 0.198458 1.455778 1.925514 1.067726 1.442152 1.093217 0.000000 0.256343 1.834412 1.740487 1.840670 1.214428 1.583267 0.550782 0.282863
0.033770 0.966230 1.966230 1.033770 0.291954 1.357965 1.557961 1.450429 1.624774 0.328339 0.995609 0.076086 0.142566 0.841538 1.065842 0.222051 0.880803 1.690061 0.870876 1.578101 0.454801 1.199435 1.818143 1.324069 1.698495 0.836874 0.256343 0.000000 1.578069 1.996830 1.902987 1.470771 1.326924 0.294439 0.026520
1.544299 1.455701 0.455701 0.544299 1.286115 1.063966 0.020108 0.971502 0.046705 1.249730 0.582460 1.654155 1.435503 0.736531 1.356089 1.356018 0.697266 0.731870 0.707194 0.000032 1.967130 0.378634 0.240074 1.097862 0.723436 0.741195 1.834412 1.578069 0.000000 0.425100 0.324918 0.951160 0.251145 1.283630 1.551549
1.969400 1.030600 0.030600 0.969400 1.711216 0.638865 0.445208 0.546402 0.378395 1.674831 1.007560 1.920744 1.860604 1.161631 0.930988 1.781118 1.122366 0.306769 1.132294 0.425069 1.542029 0.803735 0.185026 0.672761 0.298335 1.166295 1.740487 1.996830 0.425100 0.000000 0.100183 0.526059 0.676246 1.708731 1.976650
1.869217 1.130783 0.130783 0.869217 1.611033 0.739048 0.345026 0.646584 0.278213 1.574648 0.907377 1.979073 1.760421 1.061449 1.031171 1.680936 1.022184 0.406952 1.032111 0.324886 1.642212 0.703552 0.084844 0.772944 0.398518 1.066113 1.840670 1.902987 0.324918 0.100183 0.000000 0.626242 0.576063 1.608548 1.876467
1.504541 0.504541 0.495459 1.495459 1.762725 0.112806 0.971268 0.020342 0.904455 1.799110 1.533619 1.394685 1.613337 1.687691 0.404929 1.692822 1.648426 0.219290 1.658353 0.951128 1.015970 1.329794 0.711086 0.146702 0.227724 1.692355 1.214428 1.470771 0.951160 0.526059 0.626242 0.000000 1.202305 1.765210 1.497291
1.293154 1.706846 0.706846 0.293154 1.034970 1.315111 0.231038 1.222648 0.297851 0.998585 0.331314 1.403010 1.184358 0.485385 1.607234 1.104872 0.446120 0.983015 0.456048 0.251177 1.781725 0.127489 0.491219 1.349007 0.974581 0.490049 1.583267 1.326924 0.251145 0.676246 0.576063 1.202305 0.000000 1.032485 1.300404
0.260669 1.260669 1.739331 0.739331 0.002485 1.652404 1.263522 1.744868 1.330335 0.033900 0.701171 0.370525 0.151873 0.547099 1.360281 0.072388 0.586364 1.984500 0.576437 1.283662 0.749240 0.904996 1.523704 1.618508 1.992934 0.542435 0.550782 0.294439 1.283630 1.708731 1.608548 1.765210 1.032485 0.000000 0.267919
0.007250 0.992750 1.992750 1.007250 0.265434 1.384485 1.531442 1.476948 1.598255 0.301819 0.969090 0.102606 0.116046 0.815019 1.092362 0.195532 0.854284 1.716581 0.844356 1.551581 0.481321 1.172915 1.791623 1.350589 1.725015 0.810355 0.282863 0.026520 1.551549 1.976650 1.876467 1.497291 1.300404 0.267919 0.000000
