40
0.000000 1.000000 2.000000 1.000000 0.207886 1.479940 1.768446 1.609046 0.086728 0.513818 1.876683 0.098152 1.522310 1.913869 0.431371 1.256912 0.673148 0.134530 1.587395 0.076669 0.794233 1.954151 1.936163 1.843043 1.051056 1.933037 1.682591 0.782411 1.165488 1.900265 0.633240 0.581178 1.837289 1.079129 1.489494 1.286636 0.083570 1.496757 1.277628 1.573428
1.000000 0.000000 1.000000 2.000000 1.207886 0.479940 0.768446 1.390954 1.086728 1.513818 1.123317 0.901848 1.477690 1.086131 1.431371 0.256912 1.673148 0.865470 0.587395 1.076669 1.794233 1.045849 0.936163 1.156957 0.051056 0.933037 1.317409 1.782411 0.165488 0.900265 1.633240 0.418822 1.162711 0.079129 1.510506 0.286636 0.916430 1.503243 0.277628 1.426572
2.000000 1.000000 0.000000 1.000000 1.792114 0.520060 0.231554 0.390954 1.913272 1.486182 0.123317 1.901848 0.477690 0.086131 1.568629 0.743088 1.326852 1.865470 0.412605 1.923331 1.205767 0.045849 0.063837 0.156957 0.948944 0.066963 0.317409 1.217589 0.834512 0.099735 1.366760 1.418822 0.162711 0.920871 0.510506 0.713364 1.916430 0.503243 0.722372 0.426572
1.000000 2.000000 1.000000 0.000000 0.792114 1.520060 1.231554 0.609046 0.913272 0.486182 0.876683 1.098152 0.522310 0.913869 0.568629 1.743088 0.326852 1.134530 1.412605 0.923331 0.205767 0.954151 1.063837 0.843043 1.948944 1.066963 0.682591 0.217589 1.834512 1.099735 0.366760 1.581178 0.837289 1.920871 0.489494 1.713364 1.083570 0.496757 1.722372 0.573428
0.207886 1.207886 1.792114 0.792114 0.000000 1.687826 1.976332 1.401160 0.121158 0.305932 1.668797 0.306038 1.314424 1.705983 0.223485 1.464798 0.465262 0.342416 1.795280 0.131217 0.586347 1.746265 1.855951 1.635157 1.258942 1.859077 1.474705 0.574525 1.373374 1.891849 0.425355 0.789064 1.629403 1.287014 1.281608 1.494522 0.291456 1.288871 1.485514 1.365542
1.479940 0.479940 0.520060 1.520060 1.687826 0.000000 0.288506 0.911014 1.566667 1.993758 0.643377 1.381788 0.997751 0.606191 1.911311 0.223028 1.846913 1.345410 0.107455 1.556609 1.725827 0.565910 0.456223 0.677017 0.428884 0.453097 0.837469 1.737649 0.314452 0.420325 1.886820 0.898762 0.682771 0.400811 1.030567 0.193304 1.396370 1.023303 0.202311 0.946632
1.768446 0.768446 0.231554 1.231554 1.976332 0.288506 0.000000 0.622507 1.855174 1.717735 0.354871 1.670294 0.709244 0.317685 1.800183 0.511534 1.558406 1.633916 0.181052 1.845115 1.437321 0.277403 0.167717 0.388511 0.717390 0.164590 0.548963 1.449143 0.602959 0.131819 1.598313 1.187268 0.394265 0.689318 0.742060 0.481811 1.684876 0.734796 0.490818 0.658126
1.609046 1.390954 0.390954 0.609046 1.401160 0.911014 0.622507 0.000000 1.522319 1.095228 0.267637 1.707199 0.086737 0.304823 1.177675 1.134042 0.935899 1.743576 0.803559 1.532377 0.814813 0.345104 0.454791 0.233997 1.339898 0.457917 0.073544 0.826635 1.225466 0.490689 0.975806 1.809776 0.228243 1.311825 0.119553 1.104318 1.692617 0.112289 1.113325 0.035618
0.086728 1.086728 1.913272 0.913272 0.121158 1.566667 1.855174 1.522319 0.000000 0.427091 1.789955 0.184880 1.435582 1.827141 0.344643 1.343639 0.586420 0.221258 1.674122 0.010059 0.707505 1.867423 1.977109 1.756316 1.137784 1.980236 1.595863 0.695683 1.252215 1.986993 0.546513 0.667905 1.750561 1.165856 1.402766 1.373363 0.170298 1.410030 1.364356 1.486700
0.513818 1.513818 1.486182 0.486182 0.305932 1.993758 1.717735 1.095228 0.427091 0.000000 1.362865 0.611971 1.008491 1.400050 0.082448 1.770730 0.159329 0.648348 1.898787 0.437149 0.280415 1.440332 1.550018 1.329225 1.564874 1.553145 1.168772 0.268592 1.679306 1.585917 0.119422 1.094996 1.323471 1.592947 0.975675 1.800454 0.597389 0.982939 1.791447 1.059610
1.876683 1.123317 0.123317 0.876683 1.668797 0.643377 0.354871 0.267637 1.789955 1.362865 0.000000 1.974835 0.354373 0.037186 1.445312 0.866405 1.203535 1.988787 0.535922 1.800014 1.082450 0.077468 0.187154 0.033640 1.072261 0.190280 0.194092 1.094272 0.957829 0.223052 1.243442 1.542139 0.039394 1.044189 0.387189 0.836681 1.960253 0.379926 0.845689 0.303255
0.098152 0.901848 1.901848 1.098152 0.306038 1.381788 1.670294 1.707199 0.184880 0.611971 1.974835 0.000000 1.620462 1.987979 0.529523 1.158760 0.771300 0.036378 1.489242 0.174821 0.892385 1.947697 1.838011 1.941195 0.952904 1.834884 1.780743 0.880563 1.067335 1.802113 0.731393 0.483026 1.935441 0.980976 1.587646 1.188483 0.014582 1.594910 1.179476 1.671580
1.522310 1.477690 0.477690 0.522310 1.314424 0.997751 0.709244 0.086737 1.435582 1.008491 0.354373 1.620462 0.000000 0.391559 1.090939 1.220779 0.849162 1.656840 0.890296 1.445640 0.728077 0.431841 0.541527 0.320734 1.426634 0.544654 0.160281 0.739899 1.312203 0.577425 0.889069 1.896513 0.314979 1.398562 0.032816 1.191055 1.605880 0.025552 1.200062 0.051118
1.913869 1.086131 0.086131 0.913869 1.705983 0.606191 0.317685 0.304823 1.827141 1.400050 0.037186 1.987979 0.391559 0.000000 1.482498 0.829219 1.240721 1.951601 0.498737 1.837200 1.119636 0.040282 0.149968 0.070826 1.035075 0.153095 0.231278 1.131458 0.920644 0.185866 1.280628 1.504953 0.076580 1.007003 0.424375 0.799496 1.997439 0.417112 0.808503 0.340441
0.431371 1.431371 1.568629 0.568629 0.223485 1.911311 1.800183 1.177675 0.344643 0.082448 1.445312 0.529523 1.090939 1.482498 0.000000 1.688283 0.241777 0.565901 1.981235 0.354702 0.362862 1.522780 1.632466 1.411672 1.482427 1.635593 1.251220 0.351040 1.596858 1.668364 0.201870 1.012549 1.405918 1.510499 1.058123 1.718006 0.514941 1.065387 1.708999 1.142057
1.256912 0.256912 0.743088 1.743088 1.464798 0.223028 0.511534 1.134042 1.343639 1.770730 0.866405 1.158760 1.220779 0.829219 1.688283 0.000000 1.930059 1.122382 0.330483 1.333581 1.948855 0.788938 0.679251 0.900045 0.205856 0.676125 1.060497 1.960677 0.091424 0.643353 1.890152 0.675734 0.905799 0.177783 1.253595 0.029724 1.173342 1.246331 0.020717 1.169660
0.673148 1.673148 1.326852 0.326852 0.465262 1.846913 1.558406 0.935899 0.586420 0.159329 1.203535 0.771300 0.849162 1.240721 0.241777 1.930059 0.000000 0.807678 1.739458 0.596479 0.121085 1.281003 1.390689 1.169896 1.724204 1.393816 1.009443 0.109263 1.838635 1.426587 0.039907 1.254325 1.164141 1.752276 0.816346 1.959783 0.756718 0.823610 1.950776 0.900280
0.134530 0.865470 1.865470 1.134530 0.342416 1.345410 1.633916 1.743576 0.221258 0.648348 1.988787 0.036378 1.656840 1.951601 0.565901 1.122382 0.807678 0.000000 1.452864 0.211199 0.928763 1.911319 1.801633 1.977573 0.916526 1.798507 1.817121 0.916941 1.030958 1.765735 0.767771 0.446648 1.971819 0.944598 1.624024 1.152106 0.050960 1.631287 1.143098 1.707958
1.587395 0.587395 0.412605 1.412605 1.795280 0.107455 0.181052 0.803559 1.674122 1.898787 0.535922 1.489242 0.890296 0.498737 1.981235 0.330483 1.739458 1.452864 0.000000 1.664064 1.618372 0.458455 0.348769 0.569562 0.536338 0.345642 0.730015 1.630195 0.421907 0.312870 1.779365 1.006217 0.575317 0.508266 0.923112 0.300759 1.503824 0.915848 0.309766 0.839177
0.076669 1.076669 1.923331 0.923331 0.131217 1.556609 1.845115 1.532377 0.010059 0.437149 1.800014 0.174821 1.445640 1.837200 0.354702 1.333581 0.596479 0.211199 1.664064 0.000000 0.717564 1.877482 1.987168 1.766374 1.127725 1.990294 1.605922 0.705742 1.242157 1.976934 0.556571 0.657847 1.760620 1.155798 1.412825 1.363305 0.160239 1.420088 1.354298 1.496759
0.794233 1.794233 1.205767 0.205767 0.586347 1.725827 1.437321 0.814813 0.707505 0.280415 1.082450 0.892385 0.728077 1.119636 0.362862 1.948855 0.121085 0.928763 1.618372 0.717564 0.000000 1.159918 1.269604 1.048810 1.845289 1.272730 0.888358 0.011822 1.959721 1.305502 0.160993 1.375411 1.043056 1.873361 0.695261 1.919131 0.877803 0.702524 1.928139 0.779195
1.954151 1.045849 0.045849 0.954151 1.746265 0.565910 0.277403 0.345104 1.867423 1.440332 0.077468 1.947697 0.431841 0.040282 1.522780 0.788938 1.281003 1.911319 0.458455 1.877482 1.159918 0.000000 0.109686 0.111107 0.994793 0.112813 0.271560 1.171740 0.880362 0.145584 1.320910 1.464671 0.116862 0.966721 0.464657 0.759214 1.962279 0.457393 0.768221 0.380723
1.936163 0.936163 0.063837 1.063837 1.855951 0.456223 0.167717 0.454791 1.977109 1.550018 0.187154 1.838011 0.541527 0.149968 1.632466 0.679251 1.390689 1.801633 0.348769 1.987168 1.269604 0.109686 0.000000 0.220794 0.885107 0.003127 0.381246 1.281426 0.770676 0.035898 1.430596 1.354985 0.226548 0.857035 0.574343 0.649528 1.852593 0.567079 0.658535 0.490409
1.843043 1.156957 0.156957 0.843043 1.635157 0.677017 0.388511 0.233997 1.756316 1.329225 0.033640 1.941195 0.320734 0.070826 1.411672 0.900045 1.169896 1.977573 0.569562 1.766374 1.048810 0.111107 0.220794 0.000000 1.105901 0.223920 0.160452 1.060632 0.991469 0.256692 1.209803 1.575779 0.005754 1.077828 0.353550 0.870321 1.926613 0.346286 0.879328 0.269615
1.051056 0.051056 0.948944 1.948944 1.258942 0.428884 0.717390 1.339898 1.137784 1.564874 1.072261 0.952904 1.426634 1.035075 1.482427 0.205856 1.724204 0.916526 0.536338 1.127725 1.845289 0.994793 0.885107 1.105901 0.000000 0.881981 1.266353 1.833467 0.114432 0.849209 1.684297 0.469878 1.111655 0.028072 1.459450 0.235580 0.967486 1.452187 0.226572 1.375516
1.933037 0.933037 0.066963 1.066963 1.859077 0.453097 0.164590 0.457917 1.980236 1.553145 0.190280 1.834884 0.544654 0.153095 1.635593 0.676125 1.393816 1.798507 0.345642 1.990294 1.272730 0.112813 0.003127 0.223920 0.881981 0.000000 0.384373 1.284552 0.767549 0.032772 1.433723 1.351859 0.229674 0.853908 0.577470 0.646401 1.849466 0.570206 0.655408 0.493535
1.682591 1.317409 0.317409 0.682591 1.474705 0.837469 0.548963 0.073544 1.595863 1.168772 0.194092 1.780743 0.160281 0.231278 1.251220 1.060497 1.009443 1.817121 0.730015 1.605922 0.888358 0.271560 0.381246 0.160452 1.266353 0.384373 0.000000 0.900180 1.151922 0.417144 1.049350 1.736231 0.154698 1.238281 0.193097 1.030774 1.766161 0.185833 1.039781 0.109163
0.782411 1.782411 1.217589 0.217589 0.574525 1.737649 1.449143 0.826635 0.695683 0.268592 1.094272 0.880563 0.739899 1.131458 0.351040 1.960677 0.109263 0.916941 1.630195 0.705742 0.011822 1.171740 1.281426 1.060632 1.833467 1.284552 0.900180 0.000000 1.947898 1.317324 0.149170 1.363589 1.054878 1.861539 0.707083 1.930953 0.865981 0.714346 1.939961 0.791017
1.165488 0.165488 0.834512 1.834512 1.373374 0.314452 0.602959 1.225466 1.252215 1.679306 0.957829 1.067335 1.312203 0.920644 1.596858 0.091424 1.838635 1.030958 0.421907 1.242157 1.959721 0.880362 0.770676 0.991469 0.114432 0.767549 1.151922 1.947898 0.000000 0.734777 1.798728 0.584310 0.997223 0.086359 1.345019 0.121148 1.081917 1.337755 0.112141 1.261084
1.900265 0.900265 0.099735 1.099735 1.891849 0.420325 0.131819 0.490689 1.986993 1.585917 0.223052 1.802113 0.577425 0.185866 1.668364 0.643353 1.426587 1.765735 0.312870 1.976934 1.305502 0.145584 0.035898 0.256692 0.849209 0.032772 0.417144 1.317324 0.734777 0.000000 1.466494 1.319087 0.262446 0.821137 0.610241 0.613629 1.816695 0.602978 0.622637 0.526307
0.633240 1.633240 1.366760 0.366760 0.425355 1.886820 1.598313 0.975806 0.546513 0.119422 1.243442 0.731393 0.889069 1.280628 0.201870 1.890152 0.039907 0.767771 1.779365 0.556571 0.160993 1.320910 1.430596 1.209803 1.684297 1.433723 1.049350 0.149170 1.798728 1.466494 0.000000 1.214418 1.204048 1.712369 0.856253 1.919876 0.716811 0.863517 1.910869 0.940188
0.581178 0.418822 1.418822 1.581178 0.789064 0.898762 1.187268 1.809776 0.667905 1.094996 1.542139 0.483026 1.896513 1.504953 1.012549 0.675734 1.254325 0.446648 1.006217 0.657847 1.375411 1.464671 1.354985 1.575779 0.469878 1.351859 1.736231 1.363589 0.584310 1.319087 1.214418 0.000000 1.581533 0.497951 1.929329 0.705458 0.497608 1.922065 0.696451 1.845394
1.837289 1.162711 0.162711 0.837289 1.629403 0.682771 0.394265 0.228243 1.750561 1.323471 0.039394 1.935441 0.314979 0.076580 1.405918 0.905799 1.164141 1.971819 0.575317 1.760620 1.043056 0.116862 0.226548 0.005754 1.111655 0.229674 0.154698 1.054878 0.997223 0.262446 1.204048 1.581533 0.000000 1.083583 0.347795 0.876075 1.920859 0.340532 0.885083 0.263861
1.079129 0.079129 0.920871 1.920871 1.287014 0.400811 0.689318 1.311825 1.165856 1.592947 1.044189 0.980976 1.398562 1.007003 1.510499 0.177783 1.752276 0.944598 0.508266 1.155798 1.873361 0.966721 0.857035 1.077828 0.028072 0.853908 1.238281 1.861539 0.086359 0.821137 1.712369 0.497951 1.083583 0.000000 1.431378 0.207507 0.995558 1.424114 0.198500 1.347443
1.489494 1.510506 0.510506 0.489494 1.281608 1.030567 0.742060 0.119553 1.402766 0.975675 0.387189 1.587646 0.032816 0.424375 1.058123 1.253595 0.816346 1.624024 0.923112 1.412825 0.695261 0.464657 0.574343 0.353550 1.459450 0.577470 0.193097 0.707083 1.345019 0.610241 0.856253 1.929329 0.347795 1.431378 0.000000 1.223871 1.573064 0.007264 1.232878 0.083934
1.286636 0.286636 0.713364 1.713364 1.494522 0.193304 0.481811 1.104318 1.373363 1.800454 0.836681 1.188483 1.191055 0.799496 1.718006 0.029724 1.959783 1.152106 0.300759 1.363305 1.919131 0.759214 0.649528 0.870321 0.235580 0.646401 1.030774 1.930953 0.121148 0.613629 1.919876 0.705458 0.876075 0.207507 1.223871 0.000000 1.203065 1.216607 0.009007 1.139936
0.083570 0.916430 1.916430 1.083570 0.291456 1.396370 1.684876 1.692617 0.170298 0.597389 1.960253 0.014582 1.605880 1.997439 0.514941 1.173342 0.756718 0.050960 1.503824 0.160239 0.877803 1.962279 1.852593 1.926613 0.967486 1.849466 1.766161 0.865981 1.081917 1.816695 0.716811 0.497608 1.920859 0.995558 1.573064 1.203065 0.000000 1.580328 1.194058 1.656998
1.496757 1.503243 0.503243 0.496757 1.288871 1.023303 0.734796 0.112289 1.410030 0.982939 0.379926 1.594910 0.025552 0.417112 1.065387 1.246331 0.823610 1.631287 0.915848 1.420088 0.702524 0.457393 0.567079 0.346286 1.452187 0.570206 0.185833 0.714346 1.337755 0.602978 0.863517 1.922065 0.340532 1.424114 0.007264 1.216607 1.580328 0.000000 1.225614 0.076671
1.277628 0.277628 0.722372 1.722372 1.485514 0.202311 0.490818 1.113325 1.364356 1.791447 0.845689 1.179476 1.200062 0.808503 1.708999 0.020717 1.950776 1.143098 0.309766 1.354298 1.928139 0.768221 0.658535 0.879328 0.226572 0.655408 1.039781 1.939961 0.112141 0.622637 1.910869 0.696451 0.885083 0.198500 1.232878 0.009007 1.194058 1.225614 0.000000 1.148944
1.573428 1.426572 0.426572 0.573428 1.365542 0.946632 0.658126 0.035618 1.486700 1.059610 0.303255 1.671580 0.051118 0.340441 1.142057 1.169660 0.900280 1.707958 0.839177 1.496759 0.779195 0.380723 0.490409 0.269615 1.375516 0.493535 0.109163 0.791017 1.261084 0.526307 0.940188 1.845394 0.263861 1.347443 0.083934 1.139936 1.656998 0.076671 1.148944 0.000000
