35
0.000000 1.000000 2.000000 1.000000 1.124415 1.684389 1.224585 1.669443 0.766833 1.666457 0.458523 1.958232 0.525150 1.668161 1.055336 1.717120 1.674172 0.136124 0.991995 0.794111 0.545499 1.344146 1.174243 0.507298 1.693703 1.417785 0.722995 0.366033 0.898520 1.854819 0.552915 1.174793 0.779036 1.650401 1.291387
1.000000 0.000000 1.000000 2.000000 1.875585 1.315611 0.224585 0.669443 0.233167 0.666457 1.458523 1.041768 1.525150 1.331839 0.055336 1.282880 0.674172 1.136124 0.008005 0.205889 1.545499 0.344146 1.825757 0.492702 0.693703 0.417785 0.277005 0.633967 0.101480 1.145181 0.447085 0.174793 1.779036 1.349599 0.291387
2.000000 1.000000 0.000000 1.000000 0.875585 0.315611 0.775415 0.330557 1.233167 0.333543 1.541477 0.041768 1.474850 0.331839 0.944664 0.282880 0.325828 1.863876 1.008005 1.205889 1.454501 0.655854 0.825757 1.492702 0.306297 0.582215 1.277005 1.633967 1.101480 0.145181 1.447085 0.825207 1.220964 0.349599 0.708613
1.000000 2.000000 1.000000 0.000000 0.124415 0.684389 1.775415 1.330557 1.766833 1.333543 0.541477 0.958232 0.474850 0.668161 1.944664 0.717120 1.325828 0.863876 1.991995 1.794111 0.454501 1.655854 0.174243 1.507298 1.306297 1.582215 1.722995 1.366033 1.898520 0.854819 1.552915 1.825207 0.220964 0.650401 1.708613
1.124415 1.875585 0.875585 0.124415 0.000000 0.559974 1.651000 1.206142 1.891248 1.209128 0.665893 0.833817 0.599265 0.543745 1.820249 0.592704 1.201413 0.988291 1.883590 1.918526 0.578917 1.531439 0.049828 1.631714 1.181882 1.457799 1.847411 1.490448 1.977065 0.730404 1.677331 1.700791 0.345380 0.525986 1.584198
1.684389 1.315611 0.315611 0.684389 0.559974 0.000000 1.091026 0.646168 1.548778 0.649154 1.225866 0.273843 1.159239 0.016228 1.260275 0.032731 0.641439 1.548265 1.323616 1.521500 1.138890 0.971465 0.510146 1.808313 0.621908 0.897826 1.592616 1.949578 1.417091 0.170430 1.762696 1.140818 0.905353 0.033988 1.024224
1.224585 0.224585 0.775415 1.775415 1.651000 1.091026 0.000000 0.444858 0.457752 0.441872 1.683107 0.817183 1.749735 1.107255 0.169249 1.058295 0.449587 1.360709 0.232590 0.430474 1.770083 0.119561 1.601172 0.717286 0.469118 0.193201 0.501589 0.858552 0.326065 0.920596 0.671670 0.049791 1.996380 1.125014 0.066802
1.669443 0.669443 0.330557 1.330557 1.206142 0.646168 0.444858 0.000000 0.902610 0.002986 1.872035 0.372325 1.805407 0.662397 0.614107 0.613437 0.004729 1.805567 0.677448 0.875332 1.785059 0.325297 1.156314 1.162144 0.024260 0.251657 0.946447 1.303410 0.770923 0.475738 1.116528 0.494649 1.551522 0.680156 0.378056
0.766833 0.233167 1.233167 1.766833 1.891248 1.548778 0.457752 0.902610 0.000000 0.899624 1.225356 1.274935 1.291983 1.565006 0.288503 1.516047 0.907339 0.902957 0.225162 0.027278 1.312331 0.577313 1.941076 0.259535 0.926870 0.650952 0.043838 0.400800 0.131687 1.378348 0.213918 0.407960 1.545869 1.582766 0.524554
1.666457 0.666457 0.333543 1.333543 1.209128 0.649154 0.441872 0.002986 0.899624 0.000000 1.875021 0.375311 1.808393 0.665383 0.611121 0.616424 0.007715 1.802581 0.674462 0.872346 1.788045 0.322311 1.159300 1.159158 0.027246 0.248671 0.943461 1.300424 0.767937 0.478724 1.113541 0.491663 1.554508 0.683142 0.375070
0.458523 1.458523 1.541477 0.541477 0.665893 1.225866 1.683107 1.872035 1.225356 1.875021 0.000000 1.499709 0.066628 1.209638 1.513858 1.258597 1.867305 0.322398 1.450517 1.252633 0.086976 1.802668 0.715720 0.965821 1.847775 1.876308 1.181518 0.824555 1.357043 1.396297 1.011438 1.633316 0.320513 1.191878 1.749909
1.958232 1.041768 0.041768 0.958232 0.833817 0.273843 0.817183 0.372325 1.274935 0.375311 1.499709 0.000000 1.433082 0.290071 0.986432 0.241112 0.367596 1.822108 1.049773 1.247657 1.412734 0.697622 0.783989 1.534470 0.348065 0.623983 1.318772 1.675735 1.143248 0.103413 1.488853 0.866975 1.179196 0.307831 0.750381
0.525150 1.525150 1.474850 0.474850 0.599265 1.159239 1.749735 1.805407 1.291983 1.808393 0.066628 1.433082 0.000000 1.143010 1.580486 1.191970 1.800678 0.389026 1.517145 1.319261 0.020348 1.869296 0.649093 1.032449 1.781147 1.942936 1.248146 0.891183 1.423670 1.329669 1.078065 1.699944 0.253885 1.125251 1.816537
1.668161 1.331839 0.331839 0.668161 0.543745 0.016228 1.107255 0.662397 1.565006 0.665383 1.209638 0.290071 1.143010 0.000000 1.276504 0.048959 0.657667 1.532036 1.339844 1.537729 1.122662 0.987694 0.493918 1.824541 0.638137 0.914054 1.608844 1.965807 1.433319 0.186659 1.778924 1.157046 0.889125 0.017760 1.040452
1.055336 0.055336 0.944664 1.944664 1.820249 1.260275 0.169249 0.614107 0.288503 0.611121 1.513858 0.986432 1.580486 1.276504 0.000000 1.227544 0.618836 1.191460 0.063341 0.261225 1.600834 0.288810 1.770421 0.548037 0.638367 0.362449 0.332340 0.689303 0.156816 1.089845 0.502421 0.119457 1.834371 1.294263 0.236051
1.717120 1.282880 0.282880 0.717120 0.592704 0.032731 1.058295 0.613437 1.516047 0.616424 1.258597 0.241112 1.191970 0.048959 1.227544 0.000000 0.608708 1.580996 1.290885 1.488769 1.171621 0.938735 0.542877 1.775582 0.589177 0.865095 1.559885 1.916847 1.384360 0.137699 1.729965 1.108087 0.938084 0.066719 0.991493
1.674172 0.674172 0.325828 1.325828 1.201413 0.641439 0.449587 0.004729 0.907339 0.007715 1.867305 0.367596 1.800678 0.657667 0.618836 0.608708 0.000000 1.810296 0.682177 0.880061 1.780329 0.330026 1.151585 1.166874 0.019531 0.256387 0.951177 1.308139 0.775652 0.471009 1.121257 0.499379 1.546792 0.675427 0.382785
0.136124 1.136124 1.863876 0.863876 0.988291 1.548265 1.360709 1.805567 0.902957 1.802581 0.322398 1.822108 0.389026 1.532036 1.191460 1.580996 1.810296 0.000000 1.128119 0.930235 0.409374 1.480270 1.038119 0.643423 1.829827 1.553910 0.859120 0.502157 1.034644 1.718695 0.689039 1.310918 0.642911 1.514277 1.427511
0.991995 0.008005 1.008005 1.991995 1.883590 1.323616 0.232590 0.677448 0.225162 0.674462 1.450517 1.049773 1.517145 1.339844 0.063341 1.290885 0.682177 1.128119 0.000000 0.197884 1.537493 0.352151 1.833762 0.484697 0.701708 0.425790 0.268999 0.625962 0.093475 1.153186 0.439080 0.182798 1.771030 1.357604 0.299392
0.794111 0.205889 1.205889 1.794111 1.918526 1.521500 0.430474 0.875332 0.027278 0.872346 1.252633 1.247657 1.319261 1.537729 0.261225 1.488769 0.880061 0.930235 0.197884 0.000000 1.339609 0.550035 1.968354 0.286812 0.899592 0.623675 0.071115 0.428078 0.104409 1.351070 0.241196 0.380682 1.573146 1.555488 0.497276
0.545499 1.545499 1.454501 0.454501 0.578917 1.138890 1.770083 1.785059 1.312331 1.788045 0.086976 1.412734 0.020348 1.122662 1.600834 1.171621 1.780329 0.409374 1.537493 1.339609 0.000000 1.889644 0.628745 1.052797 1.760799 1.963284 1.268494 0.911531 1.444019 1.309321 1.098414 1.720292 0.233537 1.104903 1.836885
1.344146 0.344146 0.655854 1.655854 1.531439 0.971465 0.119561 0.325297 0.577313 0.322311 1.802668 0.697622 1.869296 0.987694 0.288810 0.938735 0.330026 1.480270 0.352151 0.550035 1.889644 0.000000 1.481611 0.836847 0.349557 0.073640 0.621150 0.978113 0.445626 0.801035 0.791230 0.169352 1.876819 1.005453 0.052759
1.174243 1.825757 0.825757 0.174243 0.049828 0.510146 1.601172 1.156314 1.941076 1.159300 0.715720 0.783989 0.649093 0.493918 1.770421 0.542877 1.151585 1.038119 1.833762 1.968354 0.628745 1.481611 0.000000 1.681541 1.132054 1.407972 1.897239 1.540276 1.927237 0.680576 1.727158 1.650964 0.395207 0.476158 1.534370
0.507298 0.492702 1.492702 1.507298 1.631714 1.808313 0.717286 1.162144 0.259535 1.159158 0.965821 1.534470 1.032449 1.824541 0.548037 1.775582 1.166874 0.643423 0.484697 0.286812 1.052797 0.836847 1.681541 0.000000 1.186404 0.910487 0.215697 0.141266 0.391222 1.637882 0.045617 0.667495 1.286334 1.842301 0.784089
1.693703 0.693703 0.306297 1.306297 1.181882 0.621908 0.469118 0.024260 0.926870 0.027246 1.847775 0.348065 1.781147 0.638137 0.638367 0.589177 0.019531 1.829827 0.701708 0.899592 1.760799 0.349557 1.132054 1.186404 0.000000 0.275918 0.970707 1.327670 0.795183 0.451478 1.140788 0.518910 1.527262 0.655896 0.402316
1.417785 0.417785 0.582215 1.582215 1.457799 0.897826 0.193201 0.251657 0.650952 0.248671 1.876308 0.623983 1.942936 0.914054 0.362449 0.865095 0.256387 1.553910 0.425790 0.623675 1.963284 0.073640 1.407972 0.910487 0.275918 0.000000 0.694790 1.051753 0.519265 0.727395 0.864870 0.242992 1.803179 0.931814 0.126398
0.722995 0.277005 1.277005 1.722995 1.847411 1.592616 0.501589 0.946447 0.043838 0.943461 1.181518 1.318772 1.248146 1.608844 0.332340 1.559885 0.951177 0.859120 0.268999 0.071115 1.268494 0.621150 1.897239 0.215697 0.970707 0.694790 0.000000 0.356963 0.175525 1.422185 0.170080 0.451798 1.502031 1.626604 0.568391
0.366033 0.633967 1.633967 1.366033 1.490448 1.949578 0.858552 1.303410 0.400800 1.300424 0.824555 1.675735 0.891183 1.965807 0.689303 1.916847 1.308139 0.502157 0.625962 0.428078 0.911531 0.978113 1.540276 0.141266 1.327670 1.051753 0.356963 0.000000 0.532487 1.779148 0.186882 0.808760 1.145068 1.983566 0.925354
0.898520 0.101480 1.101480 1.898520 1.977065 1.417091 0.326065 0.770923 0.131687 0.767937 1.357043 1.143248 1.423670 1.433319 0.156816 1.384360 0.775652 1.034644 0.093475 0.104409 1.444019 0.445626 1.927237 0.391222 0.795183 0.519265 0.175525 0.532487 0.000000 1.246661 0.345605 0.276273 1.677556 1.451079 0.392867
1.854819 1.145181 0.145181 0.854819 0.730404 0.170430 0.920596 0.475738 1.378348 0.478724 1.396297 0.103413 1.329669 0.186659 1.089845 0.137699 0.471009 1.718695 1.153186 1.351070 1.309321 0.801035 0.680576 1.637882 0.451478 0.727395 1.422185 1.779148 1.246661 0.000000 1.592266 0.970388 1.075784 0.204418 0.853794
0.552915 0.447085 1.447085 1.552915 1.677331 1.762696 0.671670 1.116528 0.213918 1.113541 1.011438 1.488853 1.078065 1.778924 0.502421 1.729965 1.121257 0.689039 0.439080 0.241196 1.098414 0.791230 1.727158 0.045617 1.140788 0.864870 0.170080 0.186882 0.345605 1.592266 0.000000 0.621878 1.331951 1.796684 0.738472
1.174793 0.174793 0.825207 1.825207 1.700791 1.140818 0.049791 0.494649 0.407960 0.491663 1.633316 0.866975 1.699944 1.157046 0.119457 1.108087 0.499379 1.310918 0.182798 0.380682 1.720292 0.169352 1.650964 0.667495 0.518910 0.242992 0.451798 0.808760 0.276273 0.970388 0.621878 0.000000 1.953829 1.174806 0.116594
0.779036 1.779036 1.220964 0.220964 0.345380 0.905353 1.996380 1.551522 1.545869 1.554508 0.320513 1.179196 0.253885 0.889125 1.834371 0.938084 1.546792 0.642911 1.771030 1.573146 0.233537 1.876819 0.395207 1.286334 1.527262 1.803179 1.502031 1.145068 1.677556 1.075784 1.331951 1.953829 0.000000 0.871365 1.929577
1.650401 1.349599 0.349599 0.650401 0.525986 0.033988 1.125014 0.680156 1.582766 0.683142 1.191878 0.307831 1.125251 0.017760 1.294263 0.066719 0.675427 1.514277 1.357604 1.555488 1.104903 1.005453 0.476158 1.842301 0.655896 0.931814 1.626604 1.983566 1.451079 0.204418 1.796684 1.174806 0.871365 0.000000 1.058212
1.291387 0.291387 0.708613 1.708613 1.584198 1.024224 0.066802 0.378056 0.524554 0.375070 1.749909 0.750381 1.816537 1.040452 0.236051 0.991493 0.382785 1.427511 0.299392 0.497276 1.836885 0.052759 1.534370 0.784089 0.402316 0.126398 0.568391 0.925354 0.392867 0.853794 0.738472 0.116594 1.929577 1.058212 0.000000
