15
0.000000 1.000000 2.000000 1.000000 1.036244 1.446649 0.132743 0.523554 0.536132 1.130145 1.349429 0.797015 0.791050 1.994980 0.099371
1.000000 0.000000 1.000000 2.000000 0.036244 1.553351 0.867257 1.523554 1.536132 1.869855 0.349429 1.797015 0.208950 1.005020 1.099371
2.000000 1.000000 0.000000 1.000000 0.963756 0.553351 1.867257 1.476446 1.463868 0.869855 0.650571 1.202985 1.208950 0.005020 1.900629
1.000000 2.000000 1.000000 0.000000 1.963756 0.446649 1.132743 0.476446 0.463868 0.130145 1.650571 0.202985 1.791050 0.994980 0.900629
1.036244 0.036244 0.963756 1.963756 0.000000 1.517107 0.903501 1.559798 1.572376 1.833611 0.313185 1.833259 0.245194 0.968776 1.135615
1.446649 1.553351 0.553351 0.446649 1.517107 0.000000 1.579392 0.923095 0.910517 0.316504 1.203921 0.649634 1.762301 0.548331 1.347278
0.132743 0.867257 1.867257 1.132743 0.903501 1.579392 0.000000 0.656297 0.668875 1.262888 1.216687 0.929758 0.658307 1.872277 0.232114
0.523554 1.523554 1.476446 0.476446 1.559798 0.923095 0.656297 0.000000 0.012578 0.606591 1.872984 0.273461 1.314604 1.471426 0.424183
0.536132 1.536132 1.463868 0.463868 1.572376 0.910517 0.668875 0.012578 0.000000 0.594013 1.885561 0.260883 1.327181 1.458848 0.436761
1.130145 1.869855 0.869855 0.130145 1.833611 0.316504 1.262888 0.606591 0.594013 0.000000 1.520425 0.333130 1.921195 0.864835 1.030774
1.349429 0.349429 0.650571 1.650571 0.313185 1.203921 1.216687 1.872984 1.885561 1.520425 0.000000 1.853555 0.558380 0.655590 1.448801
0.797015 1.797015 1.202985 0.202985 1.833259 0.649634 0.929758 0.273461 0.260883 0.333130 1.853555 0.000000 1.588065 1.197965 0.697644
0.791050 0.208950 1.208950 1.791050 0.245194 1.762301 0.658307 1.314604 1.327181 1.921195 0.558380 1.588065 0.000000 1.213970 0.890421
1.994980 1.005020 0.005020 0.994980 0.968776 0.548331 1.872277 1.471426 1.458848 0.864835 0.655590 1.197965 1.213970 0.000000 1.895609
0.099371 1.099371 1.900629 0.900629 1.135615 1.347278 0.232114 0.424183 0.436761 1.030774 1.448801 0.697644 0.890421 1.895609 0.000000
