30
0.000000 1.000000 2.000000 1.000000 1.665022 0.468094 1.779278 0.706614 0.651005 0.998024 1.559063 1.327291 0.243978 0.548611 0.572458 0.651703 1.782403 1.417619 0.741074 0.393861 0.844145 0.894046 0.513057 1.225097 0.107675 1.417972 0.622224 0.554282 1.451980 0.315483
1.000000 0.000000 1.000000 2.000000 1.334978 0.531906 1.220722 1.706614 1.651005 0.001976 0.559063 0.327291 1.243978 1.548611 1.572458 0.348297 0.782403 1.582381 1.741074 0.606139 0.155855 0.105954 0.486943 0.225097 0.892325 1.582028 0.377776 0.445718 1.548020 1.315483
2.000000 1.000000 0.000000 1.000000 0.334978 1.531906 0.220722 1.293386 1.348995 1.001976 0.440937 0.672709 1.756022 1.451389 1.427542 1.348297 0.217597 0.582381 1.258926 1.606139 1.155855 1.105954 1.486943 0.774903 1.892325 0.582028 1.377776 1.445718 0.548020 1.684517
1.000000 2.000000 1.000000 0.000000 0.665022 1.468094 0.779278 0.293386 0.348995 1.998024 1.440937 1.672709 0.756022 0.451389 0.427542 1.651703 1.217597 0.417619 0.258926 1.393861 1.844145 1.894046 1.513057 1.774903 1.107675 0.417972 1.622224 1.554282 0.451980 0.684517
1.665022 1.334978 0.334978 0.665022 0.000000 1.866884 0.114256 0.958408 1.014017 1.336954 0.775916 1.007687 1.421043 1.116411 1.092564 1.683276 0.552575 0.247403 0.923948 1.941118 1.490833 1.440932 1.821922 1.109881 1.772697 0.247050 1.712754 1.780696 0.213042 1.349539
0.468094 0.531906 1.531906 1.468094 1.866884 0.000000 1.752629 1.174708 1.119099 0.529931 1.090969 0.859198 0.712072 1.016704 1.040552 0.183609 1.314309 1.885712 1.209168 0.074233 0.376051 0.425952 0.044963 0.757003 0.360418 1.886066 0.154130 0.086189 1.920074 0.783577
1.779278 1.220722 0.220722 0.779278 0.114256 1.752629 0.000000 1.072663 1.128273 1.222698 0.661660 0.893431 1.535299 1.230667 1.206820 1.569020 0.438319 0.361659 1.038204 1.826862 1.376577 1.326676 1.707666 0.995625 1.886953 0.361306 1.598498 1.666440 0.327298 1.463794
0.706614 1.706614 1.293386 0.293386 0.958408 1.174708 1.072663 0.000000 0.055609 1.704639 1.734323 1.966094 0.462636 0.158004 0.134156 1.358317 1.510983 0.711004 0.034460 1.100475 1.550759 1.600660 1.219671 1.931711 0.814290 0.711358 1.328838 1.260897 0.745366 0.391131
0.651005 1.651005 1.348995 0.348995 1.014017 1.119099 1.128273 0.055609 0.000000 1.649030 1.789932 1.978297 0.407027 0.102395 0.078547 1.302708 1.566592 0.766614 0.090069 1.044866 1.495150 1.545051 1.164062 1.876102 0.758680 0.766967 1.273229 1.205287 0.800975 0.335522
0.998024 0.001976 1.001976 1.998024 1.336954 0.529931 1.222698 1.704639 1.649030 0.000000 0.561038 0.329267 1.242003 1.546635 1.570482 0.346322 0.784379 1.584357 1.739098 0.604164 0.153879 0.103978 0.484968 0.227073 0.890349 1.584004 0.375800 0.443742 1.549996 1.313508
1.559063 0.559063 0.440937 1.440937 0.775916 1.090969 0.661660 1.734323 1.789932 0.561038 0.000000 0.231771 1.803041 1.892327 1.868479 0.907360 0.223340 1.023319 1.699863 1.165202 0.714918 0.665017 1.046006 0.333965 1.451387 1.022966 0.936838 1.004780 0.988957 1.874546
1.327291 0.327291 0.672709 1.672709 1.007687 0.859198 0.893431 1.966094 1.978297 0.329267 0.231771 0.000000 1.571270 1.875902 1.899749 0.675589 0.455112 1.255090 1.931635 0.933431 0.483146 0.433245 0.814235 0.102194 1.219616 1.254737 0.705067 0.773009 1.220729 1.642775
0.243978 1.243978 1.756022 0.756022 1.421043 0.712072 1.535299 0.462636 0.407027 1.242003 1.803041 1.571270 0.000000 0.304632 0.328480 0.895681 1.973619 1.173640 0.497096 0.637839 1.088123 1.138024 0.757035 1.469075 0.351654 1.173993 0.866203 0.798261 1.208002 0.071505
0.548611 1.548611 1.451389 0.451389 1.116411 1.016704 1.230667 0.158004 0.102395 1.546635 1.892327 1.875902 0.304632 0.000000 0.023847 1.200313 1.668986 0.869008 0.192463 0.942471 1.392756 1.442657 1.061667 1.773708 0.656286 0.869361 1.170835 1.102893 0.903369 0.233127
0.572458 1.572458 1.427542 0.427542 1.092564 1.040552 1.206820 0.134156 0.078547 1.570482 1.868479 1.899749 0.328480 0.023847 0.000000 1.224160 1.645139 0.845161 0.168616 0.966319 1.416603 1.466504 1.085514 1.797555 0.680133 0.845514 1.194682 1.126740 0.879522 0.256975
0.651703 0.348297 1.348297 1.651703 1.683276 0.183609 1.569020 1.358317 1.302708 0.346322 0.907360 0.675589 0.895681 1.200313 1.224160 0.000000 1.130701 1.930679 1.392777 0.257842 0.192442 0.242344 0.138646 0.573395 0.544027 1.930326 0.029478 0.097420 1.896317 0.967186
1.782403 0.782403 0.217597 1.217597 0.552575 1.314309 0.438319 1.510983 1.566592 0.784379 0.223340 0.455112 1.973619 1.668986 1.645139 1.130701 0.000000 0.799978 1.476523 1.388542 0.938258 0.888357 1.269347 0.557306 1.674728 0.799625 1.160179 1.228121 0.765617 1.902114
1.417619 1.582381 0.582381 0.417619 0.247403 1.885712 0.361659 0.711004 0.766614 1.584357 1.023319 1.255090 1.173640 0.869008 0.845161 1.930679 0.799978 0.000000 0.676545 1.811479 1.738236 1.688335 1.930675 1.357284 1.525294 0.000353 1.960157 1.971901 0.034361 1.102135
0.741074 1.741074 1.258926 0.258926 0.923948 1.209168 1.038204 0.034460 0.090069 1.739098 1.699863 1.931635 0.497096 0.192463 0.168616 1.392777 1.476523 0.676545 0.000000 1.134935 1.585219 1.635120 1.254131 1.966171 0.848749 0.676898 1.363298 1.295356 0.710906 0.425591
0.393861 0.606139 1.606139 1.393861 1.941118 0.074233 1.826862 1.100475 1.044866 0.604164 1.165202 0.933431 0.637839 0.942471 0.966319 0.257842 1.388542 1.811479 1.134935 0.000000 0.450284 0.500185 0.119196 0.831237 0.286185 1.811832 0.228364 0.160422 1.845841 0.709344
0.844145 0.155855 1.155855 1.844145 1.490833 0.376051 1.376577 1.550759 1.495150 0.153879 0.714918 0.483146 1.088123 1.392756 1.416603 0.192442 0.938258 1.738236 1.585219 0.450284 0.000000 0.049901 0.331089 0.380952 0.736470 1.737883 0.221921 0.289863 1.703875 1.159628
0.894046 0.105954 1.105954 1.894046 1.440932 0.425952 1.326676 1.600660 1.545051 0.103978 0.665017 0.433245 1.138024 1.442657 1.466504 0.242344 0.888357 1.688335 1.635120 0.500185 0.049901 0.000000 0.380990 0.331051 0.786371 1.687982 0.271822 0.339764 1.653974 1.209529
0.513057 0.486943 1.486943 1.513057 1.821922 0.044963 1.707666 1.219671 1.164062 0.484968 1.046006 0.814235 0.757035 1.061667 1.085514 0.138646 1.269347 1.930675 1.254131 0.119196 0.331089 0.380990 0.000000 0.712041 0.405381 1.931028 0.109168 0.041226 1.965037 0.828540
1.225097 0.225097 0.774903 1.774903 1.109881 0.757003 0.995625 1.931711 1.876102 0.227073 0.333965 0.102194 1.469075 1.773708 1.797555 0.573395 0.557306 1.357284 1.966171 0.831237 0.380952 0.331051 0.712041 0.000000 1.117422 1.356931 0.602873 0.670815 1.322923 1.540580
0.107675 0.892325 1.892325 1.107675 1.772697 0.360418 1.886953 0.814290 0.758680 0.890349 1.451387 1.219616 0.351654 0.656286 0.680133 0.544027 1.674728 1.525294 0.848749 0.286185 0.736470 0.786371 0.405381 1.117422 0.000000 1.525647 0.514549 0.446607 1.559655 0.423159
1.417972 1.582028 0.582028 0.417972 0.247050 1.886066 0.361306 0.711358 0.766967 1.584004 1.022966 1.254737 1.173993 0.869361 0.845514 1.930326 0.799625 0.000353 0.676898 1.811832 1.737883 1.687982 1.931028 1.356931 1.525647 0.000000 1.959804 1.972254 0.034008 1.102489
0.622224 0.377776 1.377776 1.622224 1.712754 0.154130 1.598498 1.328838 1.273229 0.375800 0.936838 0.705067 0.866203 1.170835 1.194682 0.029478 1.160179 1.960157 1.363298 0.228364 0.221921 0.271822 0.109168 0.602873 0.514549 1.959804 0.000000 0.067942 1.925796 0.937707
0.554282 0.445718 1.445718 1.554282 1.780696 0.086189 1.666440 1.260897 1.205287 0.443742 1.004780 0.773009 0.798261 1.102893 1.126740 0.097420 1.228121 1.971901 1.295356 0.160422 0.289863 0.339764 0.041226 0.670815 0.446607 1.972254 0.067942 0.000000 1.993738 0.869766
1.451980 1.548020 0.548020 0.451980 0.213042 1.920074 0.327298 0.745366 0.800975 1.549996 0.988957 1.220729 1.208002 0.903369 0.879522 1.896317 0.765617 0.034361 0.710906 1.845841 1.703875 1.653974 1.965037 1.322923 1.559655 0.034008 1.925796 1.993738 0.000000 1.136497
0.315483 1.315483 1.684517 0.684517 1.349539 0.783577 1.463794 0.391131 0.335522 1.313508 1.874546 1.642775 0.071505 0.233127 0.256975 0.967186 1.902114 1.102135 0.425591 0.709344 1.159628 1.209529 0.828540 1.540580 0.423159 1.102489 0.937707 0.869766 1.136497 0.000000
