15
0.000000 1.000000 2.000000 1.000000 0.078503 0.674675 0.069663 0.053991 0.347146 1.649237 0.105464 0.802062 0.757614 1.402215 0.066547
1.000000 0.000000 1.000000 2.000000 0.921497 0.325325 0.930337 0.946009 1.347146 0.649237 0.894536 1.802062 0.242386 0.402215 1.066547
2.000000 1.000000 0.000000 1.000000 1.921497 1.325325 1.930337 1.946009 1.652854 0.350763 1.894536 1.197938 1.242386 0.597785 1.933453
1.000000 2.000000 1.000000 0.000000 1.078503 1.674675 1.069663 1.053991 0.652854 1.350763 1.105464 0.197938 1.757614 1.597785 0.933453
0.078503 0.921497 1.921497 1.078503 0.000000 0.596172 0.008839 0.024512 0.425649 1.570734 0.026962 0.880565 0.679112 1.323712 0.145050
0.674675 0.325325 1.325325 1.674675 0.596172 0.000000 0.605012 0.620684 1.021822 0.974562 0.569211 1.476737 0.082939 0.727539 0.741222
0.069663 0.930337 1.930337 1.069663 0.008839 0.605012 0.000000 0.015672 0.416810 1.579573 0.035801 0.871725 0.687951 1.332551 0.136211
0.053991 0.946009 1.946009 1.053991 0.024512 0.620684 0.015672 0.000000 0.401137 1.595246 0.051473 0.856053 0.703623 1.348224 0.120538
0.347146 1.347146 1.652854 0.652854 0.425649 1.021822 0.416810 0.401137 0.000000 1.996383 0.452611 0.454916 1.104761 1.749361 0.280599
1.649237 0.649237 0.350763 1.350763 1.570734 0.974562 1.579573 1.595246 1.996383 0.000000 1.543772 1.548701 0.891622 0.247022 1.715784
0.105464 0.894536 1.894536 1.105464 0.026962 0.569211 0.035801 0.051473 0.452611 1.543772 0.000000 0.907526 0.652150 1.296750 0.172012
0.802062 1.802062 1.197938 0.197938 0.880565 1.476737 0.871725 0.856053 0.454916 1.548701 0.907526 0.000000 1.559677 1.795723 0.735515
0.757614 0.242386 1.242386 1.757614 0.679112 0.082939 0.687951 0.703623 1.104761 0.891622 0.652150 1.559677 0.000000 0.644600 0.824162
1.402215 0.402215 0.597785 1.597785 1.323712 0.727539 1.332551 1.348224 1.749361 0.247022 1.296750 1.795723 0.644600 0.000000 1.468762
0.066547 1.066547 1.933453 0.933453 0.145050 0.741222 0.136211 0.120538 0.280599 1.715784 0.172012 0.735515 0.824162 1.468762 0.000000
