30
0.000000 1.000000 2.000000 1.000000 1.106870 1.542048 0.407932 0.106980 0.681856 0.240516 1.104276 1.453167 1.516652 0.802794 0.736901 1.316620 0.617967 1.282901 1.380011 1.154589 0.369539 0.917819 1.692175 1.235002 1.991079 1.299664 0.487260 0.442227 1.358631 0.506228
1.000000 0.000000 1.000000 2.000000 0.106870 0.542048 0.592068 0.893020 1.681856 1.240516 0.104276 1.546833 1.483348 1.802794 1.736901 0.316620 1.617967 0.282901 1.619989 1.845411 0.630461 0.082181 1.307825 0.235002 1.008921 1.700336 0.512740 0.557773 0.358631 0.493772
2.000000 1.000000 0.000000 1.000000 0.893130 0.457952 1.592068 1.893020 1.318144 1.759484 0.895724 0.546833 0.483348 1.197206 1.263099 0.683380 1.382033 0.717099 0.619989 0.845411 1.630461 1.082181 0.307825 0.764998 0.008921 0.700336 1.512740 1.557773 0.641369 1.493772
1.000000 2.000000 1.000000 0.000000 1.893130 1.457952 1.407932 1.106980 0.318144 0.759484 1.895724 0.453167 0.516652 0.197206 0.263099 1.683380 0.382033 1.717099 0.380011 0.154589 1.369539 1.917819 0.692175 1.764998 0.991079 0.299664 1.487260 1.442227 1.641369 1.506228
1.106870 0.106870 0.893130 1.893130 0.000000 0.435178 0.698938 0.999890 1.788726 1.347386 0.002594 1.439962 1.376478 1.909664 1.843771 0.209750 1.724837 0.176031 1.513119 1.738541 0.737331 0.189051 1.200955 0.128132 0.902051 1.593466 0.619610 0.664643 0.251761 0.600642
1.542048 0.542048 0.457952 1.457952 0.435178 0.000000 1.134116 1.435068 1.776096 1.782565 0.437773 1.004784 0.941300 1.655158 1.721051 0.225428 1.839985 0.259147 1.077941 1.303363 1.172510 0.624229 0.765777 0.307046 0.466873 1.158288 1.054788 1.099821 0.183417 1.035820
0.407932 0.592068 1.592068 1.407932 0.698938 1.134116 0.000000 0.300952 1.089788 0.648449 0.696343 1.861100 1.924585 1.210727 1.144833 0.908687 1.025899 0.874969 1.787944 1.562521 0.038394 0.509887 1.899893 0.827070 1.600988 1.707596 0.079328 0.034295 0.950699 0.098296
0.106980 0.893020 1.893020 1.106980 0.999890 1.435068 0.300952 0.000000 0.788836 0.347497 0.997295 1.560148 1.623633 0.909775 0.843881 1.209639 0.724947 1.175921 1.486992 1.261569 0.262558 0.810839 1.799155 1.128022 1.901940 1.406644 0.380280 0.335247 1.251651 0.399248
0.681856 1.681856 1.318144 0.318144 1.788726 1.776096 1.089788 0.788836 0.000000 0.441339 1.786132 0.771312 0.834796 0.120938 0.055045 1.998476 0.063889 1.964757 0.698155 0.472733 1.051394 1.599675 1.010319 1.916858 1.309223 0.617808 1.169116 1.124083 1.959513 1.188084
0.240516 1.240516 1.759484 0.759484 1.347386 1.782565 0.648449 0.347497 0.441339 0.000000 1.344792 1.212651 1.276136 0.562278 0.496385 1.557136 0.377450 1.523417 1.139495 0.914073 0.610055 1.158336 1.451658 1.475519 1.750563 1.059147 0.727777 0.682744 1.599148 0.746744
1.104276 0.104276 0.895724 1.895724 0.002594 0.437773 0.696343 0.997295 1.786132 1.344792 0.000000 1.442557 1.379072 1.907070 1.841177 0.212344 1.722243 0.178625 1.515713 1.741135 0.734737 0.186456 1.203550 0.130727 0.904645 1.596061 0.617016 0.662049 0.254356 0.598048
1.453167 1.546833 0.546833 0.453167 1.439962 1.004784 1.861100 1.560148 0.771312 1.212651 1.442557 0.000000 0.063485 0.650373 0.716266 1.230213 0.835201 1.263932 0.073156 0.298578 1.822706 1.629013 0.239007 1.311830 0.537912 0.153504 1.940428 1.895395 1.188201 1.959395
1.516652 1.483348 0.483348 0.516652 1.376478 0.941300 1.924585 1.623633 0.834796 1.276136 1.379072 0.063485 0.000000 0.713858 0.779751 1.166728 0.898685 1.200447 0.136641 0.362063 1.886191 1.565528 0.175522 1.248345 0.474427 0.216989 1.996088 1.958879 1.124716 1.977120
0.802794 1.802794 1.197206 0.197206 1.909664 1.655158 1.210727 0.909775 0.120938 0.562278 1.907070 0.650373 0.713858 0.000000 0.065893 1.880586 0.184827 1.914305 0.577217 0.351795 1.172333 1.720613 0.889380 1.962204 1.188285 0.496869 1.290054 1.245021 1.838575 1.309022
0.736901 1.736901 1.263099 0.263099 1.843771 1.721051 1.144833 0.843881 0.055045 0.496385 1.841177 0.716266 0.779751 0.065893 0.000000 1.946479 0.118934 1.980198 0.643110 0.417688 1.106440 1.654720 0.955273 1.971903 1.254178 0.562762 1.224161 1.179128 1.904468 1.243129
1.316620 0.316620 0.683380 1.683380 0.209750 0.225428 0.908687 1.209639 1.998476 1.557136 0.212344 1.230213 1.166728 1.880586 1.946479 0.000000 1.934587 0.033719 1.303369 1.528791 0.947081 0.398800 0.991206 0.081617 0.692301 1.383717 0.829360 0.874393 0.042011 0.810392
0.617967 1.617967 1.382033 0.382033 1.724837 1.839985 1.025899 0.724947 0.063889 0.377450 1.722243 0.835201 0.898685 0.184827 0.118934 1.934587 0.000000 1.900868 0.762044 0.536622 0.987505 1.535786 1.074208 1.852969 1.373112 0.681697 1.105227 1.060194 1.976598 1.124195
1.282901 0.282901 0.717099 1.717099 0.176031 0.259147 0.874969 1.175921 1.964757 1.523417 0.178625 1.263932 1.200447 1.914305 1.980198 0.033719 1.900868 0.000000 1.337088 1.562510 0.913362 0.365082 1.024925 0.047899 0.726020 1.417436 0.795641 0.840674 0.075730 0.776673
1.380011 1.619989 0.619989 0.380011 1.513119 1.077941 1.787944 1.486992 0.698155 1.139495 1.515713 0.073156 0.136641 0.577217 0.643110 1.303369 0.762044 1.337088 0.000000 0.225422 1.749550 1.702169 0.312163 1.384986 0.611068 0.080348 1.867271 1.822238 1.261357 1.886239
1.154589 1.845411 0.845411 0.154589 1.738541 1.303363 1.562521 1.261569 0.472733 0.914073 1.741135 0.298578 0.362063 0.351795 0.417688 1.528791 0.536622 1.562510 0.225422 0.000000 1.524128 1.927592 0.537586 1.610409 0.836490 0.145075 1.641849 1.596816 1.486780 1.660817
0.369539 0.630461 1.630461 1.369539 0.737331 1.172510 0.038394 0.262558 1.051394 0.610055 0.734737 1.822706 1.886191 1.172333 1.106440 0.947081 0.987505 0.913362 1.749550 1.524128 0.000000 0.548281 1.938287 0.865464 1.639382 1.669202 0.117722 0.072689 0.989093 0.136689
0.917819 0.082181 1.082181 1.917819 0.189051 0.624229 0.509887 0.810839 1.599675 1.158336 0.186456 1.629013 1.565528 1.720613 1.654720 0.398800 1.535786 0.365082 1.702169 1.927592 0.548281 0.000000 1.390006 0.317183 1.091101 1.782517 0.430559 0.475592 0.440812 0.411591
1.692175 1.307825 0.307825 0.692175 1.200955 0.765777 1.899893 1.799155 1.010319 1.451658 1.203550 0.239007 0.175522 0.889380 0.955273 0.991206 1.074208 1.024925 0.312163 0.537586 1.938287 1.390006 0.000000 1.072823 0.298905 0.392511 1.820565 1.865598 0.949194 1.801597
1.235002 0.235002 0.764998 1.764998 0.128132 0.307046 0.827070 1.128022 1.916858 1.475519 0.130727 1.311830 1.248345 1.962204 1.971903 0.081617 1.852969 0.047899 1.384986 1.610409 0.865464 0.317183 1.072823 0.000000 0.773918 1.465334 0.747742 0.792775 0.123629 0.728774
1.991079 1.008921 0.008921 0.991079 0.902051 0.466873 1.600988 1.901940 1.309223 1.750563 0.904645 0.537912 0.474427 1.188285 1.254178 0.692301 1.373112 0.726020 0.611068 0.836490 1.639382 1.091101 0.298905 0.773918 0.000000 0.691416 1.521661 1.566694 0.650289 1.502693
1.299664 1.700336 0.700336 0.299664 1.593466 1.158288 1.707596 1.406644 0.617808 1.059147 1.596061 0.153504 0.216989 0.496869 0.562762 1.383717 0.681697 1.417436 0.080348 0.145075 1.669202 1.782517 0.392511 1.465334 0.691416 0.000000 1.786924 1.741891 1.341705 1.805892
0.487260 0.512740 1.512740 1.487260 0.619610 1.054788 0.079328 0.380280 1.169116 0.727777 0.617016 1.940428 1.996088 1.290054 1.224161 0.829360 1.105227 0.795641 1.867271 1.641849 0.117722 0.430559 1.820565 0.747742 1.521661 1.786924 0.000000 0.045033 0.871371 0.018968
0.442227 0.557773 1.557773 1.442227 0.664643 1.099821 0.034295 0.335247 1.124083 0.682744 0.662049 1.895395 1.958879 1.245021 1.179128 0.874393 1.060194 0.840674 1.822238 1.596816 0.072689 0.475592 1.865598 0.792775 1.566694 1.741891 0.045033 0.000000 0.916404 0.064001
1.358631 0.358631 0.641369 1.641369 0.251761 0.183417 0.950699 1.251651 1.959513 1.599148 0.254356 1.188201 1.124716 1.838575 1.904468 0.042011 1.976598 0.075730 1.261357 1.486780 0.989093 0.440812 0.949194 0.123629 0.650289 1.341705 0.871371 0.916404 0.000000 0.852403
0.506228 0.493772 1.493772 1.506228 0.600642 1.035820 0.098296 0.399248 1.188084 0.746744 0.598048 1.959395 1.977120 1.309022 1.243129 0.810392 1.124195 0.776673 1.886239 1.660817 0.136689 0.411591 1.801597 0.728774 1.502693 1.805892 0.018968 0.064001 0.852403 0.000000
