45
0.000000 1.000000 2.000000 1.000000 1.297138 1.255100 1.274164 0.274491 0.004527 1.269748 1.876127 1.475631 0.241213 0.070355 0.266547 0.405269 1.776702 0.653635 0.777781 1.402610 1.708793 1.648272 0.413084 0.492799 1.286299 1.051338 1.347107 1.397012 1.160729 0.518444 0.913171 1.900453 1.151757 1.035688 1.774275 1.717838 0.041413 1.168015 0.758739 1.144500 1.242923 1.721112 0.826391 0.501301 0.410329
1.000000 0.000000 1.000000 2.000000 1.702862 0.255100 0.274164 0.725509 0.995473 1.730252 1.123873 0.475631 1.241213 1.070355 0.733453 1.405269 0.776702 0.346365 0.222219 1.597390 0.708793 1.351728 0.586916 1.492799 0.286299 0.051338 1.652893 1.602988 1.839271 1.518444 1.913171 1.099547 1.848243 1.964312 1.225725 1.282162 0.958587 1.831985 1.758739 0.144500 0.242923 0.721112 1.826391 1.501301 1.410329
2.000000 1.000000 0.000000 1.000000 0.702862 0.744900 0.725836 1.725509 1.995473 0.730252 0.123873 0.524369 1.758787 1.929645 1.733453 1.594731 0.223298 1.346365 1.222219 0.597390 0.291207 0.351728 1.586916 1.507201 0.713701 0.948662 0.652893 0.602988 0.839271 1.481556 1.086829 0.099547 0.848243 0.964312 0.225725 0.282162 1.958587 0.831985 1.241261 0.855500 0.757077 0.278888 1.173609 1.498699 1.589671
1.000000 2.000000 1.000000 0.000000 0.297138 1.744900 1.725836 1.274491 1.004527 0.269748 0.876127 1.524369 0.758787 0.929645 1.266547 0.594731 1.223298 1.653635 1.777781 0.402610 1.291207 0.648272 1.413084 0.507201 1.713701 1.948662 0.347107 0.397012 0.160729 0.481556 0.086829 0.900453 0.151757 0.035688 0.774275 0.717838 1.041413 0.168015 0.241261 1.855500 1.757077 1.278888 0.173609 0.498699 0.589671
1.297138 1.702862 0.702862 0.297138 0.000000 1.447762 1.428698 1.571629 1.301665 0.027391 0.578988 1.227231 1.055925 1.226784 1.563685 0.891869 0.926160 1.950773 1.925081 0.105472 0.994069 0.351134 1.710222 0.804340 1.416563 1.651524 0.049969 0.099874 0.136409 0.778694 0.383967 0.603315 0.145381 0.261450 0.477137 0.420700 1.338552 0.129123 0.538399 1.558362 1.459939 0.981749 0.470747 0.795838 0.886809
1.255100 0.255100 0.744900 1.744900 1.447762 0.000000 0.019064 0.980609 1.250573 1.475152 0.868773 0.220531 1.496313 1.325455 0.988553 1.660369 0.521602 0.601465 0.477319 1.342290 0.453693 1.096628 0.842016 1.747898 0.031199 0.203762 1.397793 1.347888 1.584171 1.773544 1.831729 0.844447 1.593143 1.709212 0.970625 1.027062 1.213687 1.576885 1.986161 0.110600 0.012177 0.466013 1.918509 1.756400 1.665429
1.274164 0.274164 0.725836 1.725836 1.428698 0.019064 0.000000 0.999673 1.269637 1.456088 0.849710 0.201467 1.515377 1.344518 1.007617 1.679433 0.502538 0.620529 0.496383 1.323226 0.434629 1.077564 0.861080 1.766962 0.012135 0.222826 1.378729 1.328824 1.565107 1.792608 1.812665 0.825383 1.574079 1.690148 0.951561 1.007998 1.232751 1.557821 1.967097 0.129664 0.031241 0.446949 1.899445 1.775464 1.684493
0.274491 0.725509 1.725509 1.274491 1.571629 0.980609 0.999673 0.000000 0.269964 1.544239 1.849382 1.201140 0.515704 0.344846 0.007944 0.679760 1.502211 0.379144 0.503290 1.677101 1.434302 1.922763 0.138593 0.767289 1.011808 0.776847 1.621598 1.671503 1.435220 0.792935 1.187662 1.825056 1.426248 1.310179 1.951234 1.992329 0.233078 1.442506 1.033230 0.870009 0.968432 1.446622 1.100882 0.775791 0.684820
0.004527 0.995473 1.995473 1.004527 1.301665 1.250573 1.269637 0.269964 0.000000 1.274274 1.880653 1.471104 0.245740 0.074881 0.262021 0.409796 1.772175 0.649108 0.773254 1.407137 1.704267 1.652799 0.408557 0.497325 1.281772 1.046812 1.351634 1.401539 1.165256 0.522971 0.917698 1.904979 1.156284 1.040215 1.778802 1.722365 0.036887 1.172542 0.763266 1.139973 1.238396 1.716586 0.830918 0.505827 0.414856
1.269748 1.730252 0.730252 0.269748 0.027391 1.475152 1.456088 1.544239 1.274274 0.000000 0.606379 1.254621 1.028535 1.199393 1.536295 0.864479 0.953550 1.923382 1.952472 0.132863 1.021459 0.378525 1.682832 0.776949 1.443954 1.678914 0.077359 0.127264 0.109018 0.751304 0.356576 0.630705 0.117991 0.234060 0.504527 0.448091 1.311161 0.101733 0.511009 1.585752 1.487330 1.009140 0.443357 0.768447 0.859418
1.876127 1.123873 0.123873 0.876127 0.578988 0.868773 0.849710 1.849382 1.880653 0.606379 0.000000 0.648242 1.634914 1.805772 1.857326 1.470858 0.347171 1.470239 1.346093 0.473516 0.415080 0.227854 1.710789 1.383328 0.837575 1.072535 0.529020 0.479115 0.715397 1.357682 0.962955 0.024326 0.724370 0.840439 0.101852 0.158288 1.917540 0.708112 1.117388 0.979373 0.880951 0.402761 1.049736 1.374826 1.465797
1.475631 0.475631 0.524369 1.524369 1.227231 0.220531 0.201467 1.201140 1.471104 1.254621 0.648242 0.000000 1.716844 1.545985 1.209084 1.880900 0.301071 0.821996 0.697850 1.121759 0.233162 0.876097 1.062547 1.968429 0.189332 0.424293 1.177262 1.127357 1.363640 1.994075 1.611198 0.623916 1.372612 1.488681 0.750094 0.806531 1.434218 1.356354 1.765630 0.331131 0.232708 0.245482 1.697978 1.976931 1.885960
0.241213 1.241213 1.758787 0.758787 1.055925 1.496313 1.515377 0.515704 0.245740 1.028535 1.634914 1.716844 0.000000 0.170858 0.507760 0.164056 1.982085 0.894848 1.018994 1.161397 1.950006 1.407059 0.654297 0.251585 1.527512 1.292551 1.105894 1.155799 0.919516 0.277231 0.671958 1.659240 0.910544 0.794475 1.533062 1.476625 0.282626 0.926802 0.517526 1.385713 1.484136 1.962326 0.585178 0.260087 0.169116
0.070355 1.070355 1.929645 0.929645 1.226784 1.325455 1.344518 0.344846 0.074881 1.199393 1.805772 1.545985 0.170858 0.000000 0.336902 0.334915 1.847057 0.723989 0.848135 1.332256 1.779148 1.577918 0.483439 0.422444 1.356653 1.121693 1.276752 1.326657 1.090375 0.448090 0.842817 1.830098 1.081402 0.965333 1.703920 1.647484 0.111768 1.097660 0.688384 1.214855 1.313277 1.791467 0.756036 0.430946 0.339975
0.266547 0.733453 1.733453 1.266547 1.563685 0.988553 1.007617 0.007944 0.262021 1.536295 1.857326 1.209084 0.507760 0.336902 0.000000 0.671816 1.510155 0.387087 0.511234 1.669157 1.442246 1.914820 0.146537 0.759346 1.019752 0.784791 1.613654 1.663559 1.427277 0.784991 1.179718 1.833000 1.418304 1.302235 1.959178 1.984385 0.225134 1.434562 1.025286 0.877953 0.976375 1.454565 1.092938 0.767848 0.676877
0.405269 1.405269 1.594731 0.594731 0.891869 1.660369 1.679433 0.679760 0.409796 0.864479 1.470858 1.880900 0.164056 0.334915 0.671816 0.000000 1.818029 1.058904 1.183050 0.997341 1.885938 1.243003 0.818353 0.087529 1.691568 1.456607 0.941838 0.991743 0.755460 0.113175 0.507902 1.495184 0.746488 0.630419 1.369006 1.312569 0.446682 0.762746 0.353470 1.549769 1.648192 1.873618 0.421122 0.096031 0.005060
1.776702 0.776702 0.223298 1.223298 0.926160 0.521602 0.502538 1.502211 1.772175 0.953550 0.347171 0.301071 1.982085 1.847057 1.510155 1.818029 0.000000 1.123067 0.998921 0.820688 0.067909 0.575026 1.363618 1.730499 0.490403 0.725364 0.876191 0.826286 1.062569 1.704854 1.310127 0.322845 1.071541 1.187610 0.449023 0.505460 1.735289 1.055283 1.464559 0.632202 0.533779 0.055589 1.396907 1.721997 1.812969
0.653635 0.346365 1.346365 1.653635 1.950773 0.601465 0.620529 0.379144 0.649108 1.923382 1.470239 0.821996 0.894848 0.723989 0.387087 1.058904 1.123067 0.000000 0.124146 1.943755 1.055159 1.698093 0.240551 1.146433 0.632664 0.397704 1.999258 1.949354 1.814364 1.172079 1.566806 1.445913 1.805392 1.689322 1.572090 1.628527 0.612221 1.821650 1.412374 0.490865 0.589288 1.067478 1.480026 1.154935 1.063964
0.777781 0.222219 1.222219 1.777781 1.925081 0.477319 0.496383 0.503290 0.773254 1.952472 1.346093 0.697850 1.018994 0.848135 0.511234 1.183050 0.998921 0.124146 0.000000 1.819609 0.931013 1.573947 0.364697 1.270579 0.508518 0.273557 1.875112 1.825207 1.938510 1.296225 1.690952 1.321767 1.929538 1.813469 1.447944 1.504381 0.736367 1.945796 1.536520 0.366719 0.465142 0.943332 1.604172 1.279081 1.188110
1.402610 1.597390 0.597390 0.402610 0.105472 1.342290 1.323226 1.677101 1.407137 0.132863 0.473516 1.121759 1.161397 1.332256 1.669157 0.997341 0.820688 1.943755 1.819609 0.000000 0.888597 0.245662 1.815694 0.909812 1.311091 1.546052 0.055503 0.005598 0.241881 0.884166 0.489439 0.497843 0.250853 0.366922 0.371665 0.315228 1.444024 0.234595 0.643871 1.452890 1.354467 0.876277 0.576219 0.901310 0.992281
1.708793 0.708793 0.291207 1.291207 0.994069 0.453693 0.434629 1.434302 1.704267 1.021459 0.415080 0.233162 1.950006 1.779148 1.442246 1.885938 0.067909 1.055159 0.931013 0.888597 0.000000 0.642934 1.295709 1.798408 0.422495 0.657455 0.944100 0.894195 1.130477 1.772763 1.378035 0.390754 1.139450 1.255519 0.516932 0.573369 1.667380 1.123192 1.532468 0.564293 0.465871 0.012319 1.464816 1.789906 1.880877
1.648272 1.351728 0.351728 0.648272 0.351134 1.096628 1.077564 1.922763 1.652799 0.378525 0.227854 0.876097 1.407059 1.577918 1.914820 1.243003 0.575026 1.698093 1.573947 0.245662 0.642934 0.000000 1.938644 1.155474 1.065429 1.300389 0.301165 0.251261 0.487543 1.129828 0.735101 0.252180 0.496515 0.612584 0.126003 0.069566 1.689686 0.480257 0.889533 1.207228 1.108805 0.630615 0.821881 1.146972 1.237943
0.413084 0.586916 1.586916 1.413084 1.710222 0.842016 0.861080 0.138593 0.408557 1.682832 1.710789 1.062547 0.654297 0.483439 0.146537 0.818353 1.363618 0.240551 0.364697 1.815694 1.295709 1.938644 0.000000 0.905882 0.873215 0.638254 1.760191 1.810096 1.573813 0.931528 1.326255 1.686463 1.564841 1.448772 1.812641 1.869078 0.371671 1.581099 1.171823 0.731416 0.829839 1.308029 1.239475 0.914384 0.823413
0.492799 1.492799 1.507201 0.507201 0.804340 1.747898 1.766962 0.767289 0.497325 0.776949 1.383328 1.968429 0.251585 0.422444 0.759346 0.087529 1.730499 1.146433 1.270579 0.909812 1.798408 1.155474 0.905882 0.000000 1.779097 1.544137 0.854308 0.904213 0.667931 0.025646 0.420373 1.407654 0.658958 0.542889 1.281476 1.225040 0.534212 0.675217 0.265940 1.637299 1.735721 1.786089 0.333593 0.008502 0.082469
1.286299 0.286299 0.713701 1.713701 1.416563 0.031199 0.012135 1.011808 1.281772 1.443954 0.837575 0.189332 1.527512 1.356653 1.019752 1.691568 0.490403 0.632664 0.508518 1.311091 0.422495 1.065429 0.873215 1.779097 0.000000 0.234961 1.366594 1.316689 1.552972 1.804743 1.800530 0.813249 1.561944 1.678013 0.939426 0.995863 1.244885 1.545686 1.954962 0.141799 0.043376 0.434814 1.887310 1.787599 1.696628
1.051338 0.051338 0.948662 1.948662 1.651524 0.203762 0.222826 0.776847 1.046812 1.678914 1.072535 0.424293 1.292551 1.121693 0.784791 1.456607 0.725364 0.397704 0.273557 1.546052 0.657455 1.300389 0.638254 1.544137 0.234961 0.000000 1.601555 1.551650 1.787932 1.569782 1.964510 1.048209 1.796905 1.912974 1.174387 1.230824 1.009925 1.780647 1.810077 0.093162 0.191584 0.669774 1.877729 1.552639 1.461668
1.347107 1.652893 0.652893 0.347107 0.049969 1.397793 1.378729 1.621598 1.351634 0.077359 0.529020 1.177262 1.105894 1.276752 1.613654 0.941838 0.876191 1.999258 1.875112 0.055503 0.944100 0.301165 1.760191 0.854308 1.366594 1.601555 0.000000 0.049905 0.186378 0.828663 0.433936 0.553346 0.195350 0.311419 0.427168 0.370731 1.388520 0.179092 0.588368 1.508393 1.409970 0.931780 0.520716 0.845806 0.936778
1.397012 1.602988 0.602988 0.397012 0.099874 1.347888 1.328824 1.671503 1.401539 0.127264 0.479115 1.127357 1.155799 1.326657 1.663559 0.991743 0.826286 1.949354 1.825207 0.005598 0.894195 0.251261 1.810096 0.904213 1.316689 1.551650 0.049905 0.000000 0.236283 0.878568 0.483841 0.503441 0.245255 0.361324 0.377263 0.320826 1.438425 0.228997 0.638273 1.458488 1.360066 0.881876 0.570621 0.895711 0.986682
1.160729 1.839271 0.839271 0.160729 0.136409 1.584171 1.565107 1.435220 1.165256 0.109018 0.715397 1.363640 0.919516 1.090375 1.427277 0.755460 1.062569 1.814364 1.938510 0.241881 1.130477 0.487543 1.573813 0.667931 1.552972 1.787932 0.186378 0.236283 0.000000 0.642285 0.247558 0.739723 0.008972 0.125041 0.613546 0.557109 1.202143 0.007286 0.401990 1.694771 1.596348 1.118158 0.334338 0.659429 0.750400
0.518444 1.518444 1.481556 0.481556 0.778694 1.773544 1.792608 0.792935 0.522971 0.751304 1.357682 1.994075 0.277231 0.448090 0.784991 0.113175 1.704854 1.172079 1.296225 0.884166 1.772763 1.129828 0.931528 0.025646 1.804743 1.569782 0.828663 0.878568 0.642285 0.000000 0.394727 1.382009 0.633313 0.517244 1.255831 1.199394 0.559857 0.649571 0.240295 1.662944 1.761367 1.760443 0.307947 0.017144 0.108115
0.913171 1.913171 1.086829 0.086829 0.383967 1.831729 1.812665 1.187662 0.917698 0.356576 0.962955 1.611198 0.671958 0.842817 1.179718 0.507902 1.310127 1.566806 1.690952 0.489439 1.378035 0.735101 1.326255 0.420373 1.800530 1.964510 0.433936 0.483841 0.247558 0.394727 0.000000 0.987281 0.238586 0.122517 0.861104 0.804667 0.954585 0.254844 0.154432 1.942329 1.843906 1.365716 0.086780 0.411871 0.502842
1.900453 1.099547 0.099547 0.900453 0.603315 0.844447 0.825383 1.825056 1.904979 0.630705 0.024326 0.623916 1.659240 1.830098 1.833000 1.495184 0.322845 1.445913 1.321767 0.497843 0.390754 0.252180 1.686463 1.407654 0.813249 1.048209 0.553346 0.503441 0.739723 1.382009 0.987281 0.000000 0.748696 0.864765 0.126178 0.182615 1.941866 0.732438 1.141714 0.955047 0.856625 0.378435 1.074062 1.399152 1.490123
1.151757 1.848243 0.848243 0.151757 0.145381 1.593143 1.574079 1.426248 1.156284 0.117991 0.724370 1.372612 0.910544 1.081402 1.418304 0.746488 1.071541 1.805392 1.929538 0.250853 1.139450 0.496515 1.564841 0.658958 1.561944 1.796905 0.195350 0.245255 0.008972 0.633313 0.238586 0.748696 0.000000 0.116069 0.622518 0.566081 1.193170 0.016258 0.393018 1.703743 1.605320 1.127130 0.325366 0.650456 0.741428
1.035688 1.964312 0.964312 0.035688 0.261450 1.709212 1.690148 1.310179 1.040215 0.234060 0.840439 1.488681 0.794475 0.965333 1.302235 0.630419 1.187610 1.689322 1.813469 0.366922 1.255519 0.612584 1.448772 0.542889 1.678013 1.912974 0.311419 0.361324 0.125041 0.517244 0.122517 0.864765 0.116069 0.000000 0.738587 0.682150 1.077101 0.132327 0.276949 1.819812 1.721390 1.243200 0.209297 0.534387 0.625358
1.774275 1.225725 0.225725 0.774275 0.477137 0.970625 0.951561 1.951234 1.778802 0.504527 0.101852 0.750094 1.533062 1.703920 1.959178 1.369006 0.449023 1.572090 1.447944 0.371665 0.516932 0.126003 1.812641 1.281476 0.939426 1.174387 0.427168 0.377263 0.613546 1.255831 0.861104 0.126178 0.622518 0.738587 0.000000 0.056437 1.815688 0.606260 1.015536 1.081225 0.982802 0.504613 0.947884 1.272974 1.363946
1.717838 1.282162 0.282162 0.717838 0.420700 1.027062 1.007998 1.992329 1.722365 0.448091 0.158288 0.806531 1.476625 1.647484 1.984385 1.312569 0.505460 1.628527 1.504381 0.315228 0.573369 0.069566 1.869078 1.225040 0.995863 1.230824 0.370731 0.320826 0.557109 1.199394 0.804667 0.182615 0.566081 0.682150 0.056437 0.000000 1.759252 0.549823 0.959099 1.137662 1.039239 0.561049 0.891447 1.216538 1.307509
0.041413 0.958587 1.958587 1.041413 1.338552 1.213687 1.232751 0.233078 0.036887 1.311161 1.917540 1.434218 0.282626 0.111768 0.225134 0.446682 1.735289 0.612221 0.736367 1.444024 1.667380 1.689686 0.371671 0.534212 1.244885 1.009925 1.388520 1.438425 1.202143 0.559857 0.954585 1.941866 1.193170 1.077101 1.815688 1.759252 0.000000 1.209428 0.800152 1.103087 1.201509 1.679699 0.867804 0.542714 0.451743
1.168015 1.831985 0.831985 0.168015 0.129123 1.576885 1.557821 1.442506 1.172542 0.101733 0.708112 1.356354 0.926802 1.097660 1.434562 0.762746 1.055283 1.821650 1.945796 0.234595 1.123192 0.480257 1.581099 0.675217 1.545686 1.780647 0.179092 0.228997 0.007286 0.649571 0.254844 0.732438 0.016258 0.132327 0.606260 0.549823 1.209428 0.000000 0.409276 1.687485 1.589062 1.110872 0.341624 0.666715 0.757686
0.758739 1.758739 1.241261 0.241261 0.538399 1.986161 1.967097 1.033230 0.763266 0.511009 1.117388 1.765630 0.517526 0.688384 1.025286 0.353470 1.464559 1.412374 1.536520 0.643871 1.532468 0.889533 1.171823 0.265940 1.954962 1.810077 0.588368 0.638273 0.401990 0.240295 0.154432 1.141714 0.393018 0.276949 1.015536 0.959099 0.800152 0.409276 0.000000 1.903239 1.998338 1.520149 0.067652 0.257438 0.348410
1.144500 0.144500 0.855500 1.855500 1.558362 0.110600 0.129664 0.870009 1.139973 1.585752 0.979373 0.331131 1.385713 1.214855 0.877953 1.549769 0.632202 0.490865 0.366719 1.452890 0.564293 1.207228 0.731416 1.637299 0.141799 0.093162 1.508393 1.458488 1.694771 1.662944 1.942329 0.955047 1.703743 1.819812 1.081225 1.137662 1.103087 1.687485 1.903239 0.000000 0.098423 0.576613 1.970891 1.645801 1.554829
1.242923 0.242923 0.757077 1.757077 1.459939 0.012177 0.031241 0.968432 1.238396 1.487330 0.880951 0.232708 1.484136 1.313277 0.976375 1.648192 0.533779 0.589288 0.465142 1.354467 0.465871 1.108805 0.829839 1.735721 0.043376 0.191584 1.409970 1.360066 1.596348 1.761367 1.843906 0.856625 1.605320 1.721390 0.982802 1.039239 1.201509 1.589062 1.998338 0.098423 0.000000 0.478190 1.930686 1.744223 1.653252
1.721112 0.721112 0.278888 1.278888 0.981749 0.466013 0.446949 1.446622 1.716586 1.009140 0.402761 0.245482 1.962326 1.791467 1.454565 1.873618 0.055589 1.067478 0.943332 0.876277 0.012319 0.630615 1.308029 1.786089 0.434814 0.669774 0.931780 0.881876 1.118158 1.760443 1.365716 0.378435 1.127130 1.243200 0.504613 0.561049 1.679699 1.110872 1.520149 0.576613 0.478190 0.000000 1.452496 1.777587 1.868558
0.826391 1.826391 1.173609 0.173609 0.470747 1.918509 1.899445 1.100882 0.830918 0.443357 1.049736 1.697978 0.585178 0.756036 1.092938 0.421122 1.396907 1.480026 1.604172 0.576219 1.464816 0.821881 1.239475 0.333593 1.887310 1.877729 0.520716 0.570621 0.334338 0.307947 0.086780 1.074062 0.325366 0.209297 0.947884 0.891447 0.867804 0.341624 0.067652 1.970891 1.930686 1.452496 0.000000 0.325091 0.416062
0.501301 1.501301 1.498699 0.498699 0.795838 1.756400 1.775464 0.775791 0.505827 0.768447 1.374826 1.976931 0.260087 0.430946 0.767848 0.096031 1.721997 1.154935 1.279081 0.901310 1.789906 1.146972 0.914384 0.008502 1.787599 1.552639 0.845806 0.895711 0.659429 0.017144 0.411871 1.399152 0.650456 0.534387 1.272974 1.216538 0.542714 0.666715 0.257438 1.645801 1.744223 1.777587 0.325091 0.000000 0.090971
0.410329 1.410329 1.589671 0.589671 0.886809 1.665429 1.684493 0.684820 0.414856 0.859418 1.465797 1.885960 0.169116 0.339975 0.676877 0.005060 1.812969 1.063964 1.188110 0.992281 1.880877 1.237943 0.823413 0.082469 1.696628 1.461668 0.936778 0.986682 0.750400 0.108115 0.502842 1.490123 0.741428 0.625358 1.363946 1.307509 0.451743 0.757686 0.348410 1.554829 1.653252 1.868558 0.416062 0.090971 0.000000
