45
0.000000 1.000000 2.000000 1.000000 0.005251 0.299914 1.647143 0.161690 0.578829 0.745647 1.140707 1.785934 0.593065 1.265657 0.234545 1.362799 0.903034 1.233059 1.475484 0.645557 1.009689 0.114232 1.781830 1.047372 1.058035 0.562993 0.332350 1.086308 0.186579 0.747600 1.720074 1.216506 0.931700 1.330266 0.871265 0.258083 1.312948 1.256228 1.190261 1.957189 1.564381 0.553533 0.678593 0.218838 0.939694
1.000000 0.000000 1.000000 2.000000 1.005251 0.700086 1.352857 1.161690 0.421171 1.745647 1.859293 0.785934 0.406935 0.265657 1.234545 1.637201 1.903034 1.766941 0.475484 1.645557 0.009689 0.885768 0.781830 1.952628 1.941965 0.437007 1.332350 1.913692 0.813421 0.252400 0.720074 0.216506 1.931700 1.669734 0.128735 1.258083 1.687052 0.256228 0.190261 1.042811 1.435619 1.553533 0.321407 1.218838 1.939694
2.000000 1.000000 0.000000 1.000000 1.994749 1.700086 0.352857 1.838310 1.421171 1.254353 0.859293 0.214066 1.406935 0.734343 1.765455 0.637201 1.096966 0.766941 0.524516 1.354443 0.990311 1.885768 0.218170 0.952628 0.941965 1.437007 1.667650 0.913692 1.813421 1.252400 0.279926 0.783494 1.068300 0.669734 1.128735 1.741917 0.687052 0.743772 0.809739 0.042811 0.435619 1.446467 1.321407 1.781162 1.060306
1.000000 2.000000 1.000000 0.000000 0.994749 1.299914 0.647143 0.838310 1.578829 0.254353 0.140707 1.214066 1.593065 1.734343 0.765455 0.362799 0.096966 0.233059 1.524516 0.354443 1.990311 1.114232 1.218170 0.047372 0.058035 1.562993 0.667650 0.086308 1.186579 1.747600 1.279926 1.783494 0.068300 0.330266 1.871265 0.741917 0.312948 1.743772 1.809739 0.957189 0.564381 0.446467 1.678593 0.781162 0.060306
0.005251 1.005251 1.994749 0.994749 0.000000 0.305164 1.641893 0.156440 0.584080 0.740397 1.135456 1.791185 0.598316 1.270907 0.229294 1.357548 0.897783 1.227809 1.480735 0.640307 1.014940 0.119483 1.787081 1.042121 1.052785 0.568243 0.327100 1.081058 0.191830 0.752850 1.725324 1.221756 0.926449 1.325015 0.876515 0.252833 1.307698 1.261478 1.195512 1.951939 1.559131 0.548282 0.683844 0.213587 0.934444
0.299914 0.700086 1.700086 1.299914 0.305164 0.000000 1.947057 0.461604 0.278916 1.045561 1.440620 1.486021 0.293152 0.965743 0.534458 1.662713 1.202947 1.532973 1.175571 0.945471 0.709776 0.185682 1.481917 1.347285 1.357949 0.263079 0.632264 1.386222 0.113334 0.447686 1.420160 0.916592 1.231613 1.630179 0.571351 0.557997 1.612862 0.956314 0.890348 1.742897 1.864295 0.853446 0.378679 0.518751 1.239608
1.647143 1.352857 0.352857 0.647143 1.641893 1.947057 0.000000 1.485453 1.774028 0.901496 0.506437 0.566923 1.759791 1.087200 1.412599 0.284344 0.744110 0.414084 0.877373 1.001586 1.343167 1.761375 0.571026 0.599772 0.589108 1.789864 1.314793 0.560835 1.833723 1.605257 0.632783 1.136351 0.715444 0.316877 1.481592 1.389060 0.334195 1.096629 1.162596 0.310046 0.082762 1.093610 1.674264 1.428306 0.707449
0.161690 1.161690 1.838310 0.838310 0.156440 0.461604 1.485453 0.000000 0.740519 0.583957 0.979016 1.947624 0.754755 1.427347 0.072855 1.201109 0.741344 1.071369 1.637174 0.483867 1.171379 0.275922 1.943520 0.885681 0.896345 0.724683 0.170660 0.924618 0.348270 0.909290 1.881764 1.378196 0.770009 1.168576 1.032955 0.096393 1.151258 1.417918 1.351951 1.795499 1.402691 0.391843 0.840283 0.057147 0.778004
0.578829 0.421171 1.421171 1.578829 0.584080 0.278916 1.774028 0.740519 0.000000 1.324476 1.719536 1.207105 0.014236 0.686828 0.813374 1.941628 1.481863 1.811889 0.896655 1.224386 0.430860 0.464597 1.203001 1.626201 1.636864 0.015836 0.911179 1.665137 0.392250 0.168770 1.141245 0.637677 1.510529 1.909095 0.292435 0.836912 1.891777 0.677399 0.611432 1.463982 1.856790 1.132362 0.099764 0.797667 1.518523
0.745647 1.745647 1.254353 0.254353 0.740397 1.045561 0.901496 0.583957 1.324476 0.000000 0.395059 1.468419 1.338713 1.988696 0.511103 0.617152 0.157386 0.487412 1.778869 0.100090 1.755337 0.859879 1.472522 0.301724 0.312388 1.308640 0.413297 0.340661 0.932227 1.493247 1.534279 1.962153 0.186052 0.584619 1.616912 0.487564 0.567301 1.998125 1.935908 1.211542 0.818734 0.192114 1.424240 0.526810 0.194047
1.140707 1.859293 0.859293 0.140707 1.135456 1.440620 0.506437 0.979016 1.719536 0.395059 0.000000 1.073359 1.733772 1.593637 0.906162 0.222092 0.237673 0.092353 1.383809 0.495149 1.849604 1.254939 1.077463 0.093335 0.082671 1.703699 0.808356 0.054398 1.327286 1.888306 1.139220 1.642788 0.209007 0.189559 1.988029 0.882623 0.172242 1.603066 1.669032 0.816483 0.423675 0.587174 1.819300 0.921869 0.201012
1.785934 0.785934 0.214066 1.214066 1.791185 1.486021 0.566923 1.947624 1.207105 1.468419 1.073359 0.000000 1.192869 0.520277 1.979521 0.851267 1.311032 0.981006 0.310450 1.568508 0.776245 1.671702 0.004104 1.166694 1.156031 1.222941 1.881716 1.127758 1.599355 1.038335 0.065860 0.569428 1.282366 0.883800 0.914670 1.955983 0.901118 0.529706 0.595673 0.256877 0.649685 1.660533 1.107341 1.995228 1.274372
0.593065 0.406935 1.406935 1.593065 0.598316 0.293152 1.759791 0.754755 0.014236 1.338713 1.733772 1.192869 0.000000 0.672591 0.827610 1.955864 1.496099 1.826125 0.882419 1.238623 0.416624 0.478833 1.188765 1.640437 1.651101 0.030073 0.925416 1.679374 0.406486 0.154534 1.127008 0.623441 1.524765 1.923331 0.278199 0.851149 1.906014 0.663162 0.597196 1.449745 1.842553 1.146598 0.085528 0.811903 1.532760
1.265657 0.265657 0.734343 1.734343 1.270907 0.965743 1.087200 1.427347 0.686828 1.988696 1.593637 0.520277 0.672591 0.000000 1.500201 1.371544 1.831310 1.501284 0.209827 1.911214 0.255968 1.151425 0.516173 1.686972 1.676308 0.702664 1.598007 1.648035 1.079077 0.518057 0.454417 0.049151 1.802644 1.404077 0.394392 1.523740 1.421395 0.009429 0.075396 0.777154 1.169962 1.819190 0.587064 1.484494 1.794649
0.234545 1.234545 1.765455 0.765455 0.229294 0.534458 1.412599 0.072855 0.813374 0.511103 0.906162 1.979521 0.827610 1.500201 0.000000 1.128254 0.668489 0.998515 1.710029 0.411013 1.244234 0.348777 1.983625 0.812827 0.823491 0.797537 0.097806 0.851764 0.421124 0.982144 1.954618 1.451051 0.697155 1.095721 1.105809 0.023539 1.078404 1.490772 1.424806 1.722645 1.329837 0.318988 0.913138 0.015707 0.705150
1.362799 1.637201 0.637201 0.362799 1.357548 1.662713 0.284344 1.201109 1.941628 0.617152 0.222092 0.851267 1.955864 1.371544 1.128254 0.000000 0.459765 0.129740 1.161717 0.717242 1.627512 1.477031 0.855371 0.315427 0.304764 1.925792 1.030449 0.276491 1.549378 1.889601 0.917127 1.420695 0.431099 0.032533 1.765937 1.104716 0.049851 1.380973 1.446940 0.594390 0.201582 0.809266 1.958608 1.143961 0.423105
0.903034 1.903034 1.096966 0.096966 0.897783 1.202947 0.744110 0.741344 1.481863 0.157386 0.237673 1.311032 1.496099 1.831310 0.668489 0.459765 0.000000 0.330026 1.621482 0.257476 1.912723 1.017266 1.315136 0.144338 0.155002 1.466026 0.570683 0.183275 1.089613 1.650633 1.376893 1.880460 0.028666 0.427232 1.774298 0.644950 0.409915 1.840739 1.906705 1.054156 0.661348 0.349501 1.581627 0.684196 0.036661
1.233059 1.766941 0.766941 0.233059 1.227809 1.532973 0.414084 1.071369 1.811889 0.487412 0.092353 0.981006 1.826125 1.501284 0.998515 0.129740 0.330026 0.000000 1.291456 0.587502 1.757251 1.347291 0.985110 0.185688 0.175024 1.796052 0.900709 0.146751 1.419639 1.980659 1.046867 1.550435 0.301360 0.097206 1.895676 0.974976 0.079889 1.510713 1.576679 0.724130 0.331322 0.679527 1.911652 1.014222 0.293365
1.475484 0.475484 0.524516 1.524516 1.480735 1.175571 0.877373 1.637174 0.896655 1.778869 1.383809 0.310450 0.882419 0.209827 1.710029 1.161717 1.621482 1.291456 0.000000 1.878959 0.465795 1.361252 0.306346 1.477144 1.466481 0.912491 1.807834 1.438208 1.288905 0.727885 0.244590 0.258978 1.592816 1.194250 0.604220 1.733567 1.211568 0.219256 0.285223 0.567327 0.960135 1.970983 0.796891 1.694322 1.584822
0.645557 1.645557 1.354443 0.354443 0.640307 0.945471 1.001586 0.483867 1.224386 0.100090 0.495149 1.568508 1.238623 1.911214 0.411013 0.717242 0.257476 0.587502 1.878959 0.000000 1.655247 0.759789 1.572612 0.401814 0.412478 1.208550 0.313207 0.440751 0.832137 1.393157 1.634369 1.862063 0.286142 0.684708 1.516822 0.387474 0.667391 1.901785 1.835819 1.311632 0.918824 0.092025 1.324150 0.426720 0.294137
1.009689 0.009689 0.990311 1.990311 1.014940 0.709776 1.343167 1.171379 0.430860 1.755337 1.849604 0.776245 0.416624 0.255968 1.244234 1.627512 1.912723 1.757251 0.465795 1.655247 0.000000 0.895457 0.772141 1.942939 1.932275 0.446697 1.342040 1.904002 0.823110 0.262090 0.710384 0.206817 1.941389 1.660045 0.138425 1.267773 1.677362 0.246539 0.180572 1.033121 1.425929 1.563222 0.331096 1.228527 1.949384
0.114232 0.885768 1.885768 1.114232 0.119483 0.185682 1.761375 0.275922 0.464597 0.859879 1.254939 1.671702 0.478833 1.151425 0.348777 1.477031 1.017266 1.347291 1.361252 0.759789 0.895457 0.000000 1.667598 1.161604 1.172267 0.448761 0.446582 1.200540 0.072347 0.633368 1.605842 1.102274 1.045932 1.444498 0.757033 0.372315 1.427180 1.141996 1.076029 1.928579 1.678613 0.667765 0.564361 0.333070 1.053926
1.781830 0.781830 0.218170 1.218170 1.787081 1.481917 0.571026 1.943520 1.203001 1.472522 1.077463 0.004104 1.188765 0.516173 1.983625 0.855371 1.315136 0.985110 0.306346 1.572612 0.772141 1.667598 0.000000 1.170798 1.160135 1.218838 1.885819 1.131861 1.595251 1.034231 0.061756 0.565324 1.286470 0.887904 0.910566 1.960087 0.905221 0.525602 0.591569 0.260980 0.653788 1.664637 1.103237 1.999332 1.278475
1.047372 1.952628 0.952628 0.047372 1.042121 1.347285 0.599772 0.885681 1.626201 0.301724 0.093335 1.166694 1.640437 1.686972 0.812827 0.315427 0.144338 0.185688 1.477144 0.401814 1.942939 1.161604 1.170798 0.000000 0.010664 1.610364 0.715021 0.038937 1.233951 1.794971 1.232555 1.736123 0.115672 0.282894 1.918636 0.789288 0.265577 1.696401 1.762367 0.909818 0.517010 0.493839 1.725965 0.828534 0.107677
1.058035 1.941965 0.941965 0.058035 1.052785 1.357949 0.589108 0.896345 1.636864 0.312388 0.082671 1.156031 1.651101 1.676308 0.823491 0.304764 0.155002 0.175024 1.466481 0.412478 1.932275 1.172267 1.160135 0.010664 0.000000 1.621028 0.725685 0.028273 1.244615 1.805635 1.221891 1.725459 0.126336 0.272231 1.929300 0.799952 0.254913 1.685737 1.751704 0.899154 0.506346 0.504502 1.736628 0.839198 0.118341
0.562993 0.437007 1.437007 1.562993 0.568243 0.263079 1.789864 0.724683 0.015836 1.308640 1.703699 1.222941 0.030073 0.702664 0.797537 1.925792 1.466026 1.796052 0.912491 1.208550 0.446697 0.448761 1.218838 1.610364 1.621028 0.000000 0.895343 1.649301 0.376413 0.184607 1.157081 0.653513 1.494692 1.893259 0.308272 0.821076 1.875941 0.693235 0.627268 1.479818 1.872626 1.116526 0.115600 0.781830 1.502687
0.332350 1.332350 1.667650 0.667650 0.327100 0.632264 1.314793 0.170660 0.911179 0.413297 0.808356 1.881716 0.925416 1.598007 0.097806 1.030449 0.570683 0.900709 1.807834 0.313207 1.342040 0.446582 1.885819 0.715021 0.725685 0.895343 0.000000 0.753958 0.518930 1.079950 1.947576 1.548856 0.599349 0.997916 1.203615 0.074267 0.980598 1.588578 1.522611 1.624839 1.232031 0.221183 1.010943 0.113513 0.607344
1.086308 1.913692 0.913692 0.086308 1.081058 1.386222 0.560835 0.924618 1.665137 0.340661 0.054398 1.127758 1.679374 1.648035 0.851764 0.276491 0.183275 0.146751 1.438208 0.440751 1.904002 1.200540 1.131861 0.038937 0.028273 1.649301 0.753958 0.000000 1.272888 1.833908 1.193618 1.697186 0.154609 0.243958 1.957573 0.828225 0.226640 1.657464 1.723431 0.870881 0.478073 0.532775 1.764901 0.867471 0.146614
0.186579 0.813421 1.813421 1.186579 0.191830 0.113334 1.833723 0.348270 0.392250 0.932227 1.327286 1.599355 0.406486 1.079077 0.421124 1.549378 1.089613 1.419639 1.288905 0.832137 0.823110 0.072347 1.595251 1.233951 1.244615 0.376413 0.518930 1.272888 0.000000 0.561020 1.533494 1.029926 1.118279 1.516845 0.684685 0.444663 1.499528 1.069648 1.003682 1.856231 1.750961 0.740112 0.492014 0.405417 1.126274
0.747600 0.252400 1.252400 1.747600 0.752850 0.447686 1.605257 0.909290 0.168770 1.493247 1.888306 1.038335 0.154534 0.518057 0.982144 1.889601 1.650633 1.980659 0.727885 1.393157 0.262090 0.633368 1.034231 1.794971 1.805635 0.184607 1.079950 1.833908 0.561020 0.000000 0.972474 0.468906 1.679299 1.922135 0.123665 1.005683 1.939452 0.508628 0.442662 1.295211 1.688019 1.301132 0.069007 0.966437 1.687294
1.720074 0.720074 0.279926 1.279926 1.725324 1.420160 0.632783 1.881764 1.141245 1.534279 1.139220 0.065860 1.127008 0.454417 1.954618 0.917127 1.376893 1.046867 0.244590 1.634369 0.710384 1.605842 0.061756 1.232555 1.221891 1.157081 1.947576 1.193618 1.533494 0.972474 0.000000 0.503568 1.348227 0.949660 0.848809 1.978157 0.966978 0.463846 0.529813 0.322737 0.715545 1.726393 1.041481 1.938911 1.340232
1.216506 0.216506 0.783494 1.783494 1.221756 0.916592 1.136351 1.378196 0.637677 1.962153 1.642788 0.569428 0.623441 0.049151 1.451051 1.420695 1.880460 1.550435 0.258978 1.862063 0.206817 1.102274 0.565324 1.736123 1.725459 0.653513 1.548856 1.697186 1.029926 0.468906 0.503568 0.000000 1.851795 1.453228 0.345241 1.474589 1.470546 0.039722 0.026245 0.826305 1.219113 1.770039 0.537913 1.435343 1.843800
0.931700 1.931700 1.068300 0.068300 0.926449 1.231613 0.715444 0.770009 1.510529 0.186052 0.209007 1.282366 1.524765 1.802644 0.697155 0.431099 0.028666 0.301360 1.592816 0.286142 1.941389 1.045932 1.286470 0.115672 0.126336 1.494692 0.599349 0.154609 1.118279 1.679299 1.348227 1.851795 0.000000 0.398566 1.802964 0.673616 0.381249 1.812073 1.878039 1.025490 0.632682 0.378167 1.610293 0.712862 0.007995
1.330266 1.669734 0.669734 0.330266 1.325015 1.630179 0.316877 1.168576 1.909095 0.584619 0.189559 0.883800 1.923331 1.404077 1.095721 0.032533 0.427232 0.097206 1.194250 0.684708 1.660045 1.444498 0.887904 0.282894 0.272231 1.893259 0.997916 0.243958 1.516845 1.922135 0.949660 1.453228 0.398566 0.000000 1.798470 1.072183 0.017318 1.413506 1.479473 0.626923 0.234115 0.776733 1.991141 1.111428 0.390572
0.871265 0.128735 1.128735 1.871265 0.876515 0.571351 1.481592 1.032955 0.292435 1.616912 1.988029 0.914670 0.278199 0.394392 1.105809 1.765937 1.774298 1.895676 0.604220 1.516822 0.138425 0.757033 0.910566 1.918636 1.929300 0.308272 1.203615 1.957573 0.684685 0.123665 0.848809 0.345241 1.802964 1.798470 0.000000 1.129348 1.815787 0.384963 0.318997 1.171546 1.564354 1.424797 0.192672 1.090102 1.810959
0.258083 1.258083 1.741917 0.741917 0.252833 0.557997 1.389060 0.096393 0.836912 0.487564 0.882623 1.955983 0.851149 1.523740 0.023539 1.104716 0.644950 0.974976 1.733567 0.387474 1.267773 0.372315 1.960087 0.789288 0.799952 0.821076 0.074267 0.828225 0.444663 1.005683 1.978157 1.474589 0.673616 1.072183 1.129348 0.000000 1.054865 1.514311 1.448344 1.699106 1.306298 0.295450 0.936676 0.039246 0.681611
1.312948 1.687052 0.687052 0.312948 1.307698 1.612862 0.334195 1.151258 1.891777 0.567301 0.172242 0.901118 1.906014 1.421395 1.078404 0.049851 0.409915 0.079889 1.211568 0.667391 1.677362 1.427180 0.905221 0.265577 0.254913 1.875941 0.980598 0.226640 1.499528 1.939452 0.966978 1.470546 0.381249 0.017318 1.815787 1.054865 0.000000 1.430824 1.496791 0.644241 0.251433 0.759415 1.991541 1.094111 0.373254
1.256228 0.256228 0.743772 1.743772 1.261478 0.956314 1.096629 1.417918 0.677399 1.998125 1.603066 0.529706 0.663162 0.009429 1.490772 1.380973 1.840739 1.510713 0.219256 1.901785 0.246539 1.141996 0.525602 1.696401 1.685737 0.693235 1.588578 1.657464 1.069648 0.508628 0.463846 0.039722 1.812073 1.413506 0.384963 1.514311 1.430824 0.000000 0.065967 0.786583 1.179391 1.809761 0.577635 1.475065 1.804078
1.190261 0.190261 0.809739 1.809739 1.195512 0.890348 1.162596 1.351951 0.611432 1.935908 1.669032 0.595673 0.597196 0.075396 1.424806 1.446940 1.906705 1.576679 0.285223 1.835819 0.180572 1.076029 0.591569 1.762367 1.751704 0.627268 1.522611 1.723431 1.003682 0.442662 0.529813 0.026245 1.878039 1.479473 0.318997 1.448344 1.496791 0.065967 0.000000 0.852550 1.245358 1.743794 0.511668 1.409099 1.870045
1.957189 1.042811 0.042811 0.957189 1.951939 1.742897 0.310046 1.795499 1.463982 1.211542 0.816483 0.256877 1.449745 0.777154 1.722645 0.594390 1.054156 0.724130 0.567327 1.311632 1.033121 1.928579 0.260980 0.909818 0.899154 1.479818 1.624839 0.870881 1.856231 1.295211 0.322737 0.826305 1.025490 0.626923 1.171546 1.699106 0.644241 0.786583 0.852550 0.000000 0.392808 1.403656 1.364218 1.738352 1.017495
1.564381 1.435619 0.435619 0.564381 1.559131 1.864295 0.082762 1.402691 1.856790 0.818734 0.423675 0.649685 1.842553 1.169962 1.329837 0.201582 0.661348 0.331322 0.960135 0.918824 1.425929 1.678613 0.653788 0.517010 0.506346 1.872626 1.232031 0.478073 1.750961 1.688019 0.715545 1.219113 0.632682 0.234115 1.564354 1.306298 0.251433 1.179391 1.245358 0.392808 0.000000 1.010848 1.757026 1.345544 0.624687
0.553533 1.553533 1.446467 0.446467 0.548282 0.853446 1.093610 0.391843 1.132362 0.192114 0.587174 1.660533 1.146598 1.819190 0.318988 0.809266 0.349501 0.679527 1.970983 0.092025 1.563222 0.667765 1.664637 0.493839 0.504502 1.116526 0.221183 0.532775 0.740112 1.301132 1.726393 1.770039 0.378167 0.776733 1.424797 0.295450 0.759415 1.809761 1.743794 1.403656 1.010848 0.000000 1.232126 0.334695 0.386161
0.678593 0.321407 1.321407 1.678593 0.683844 0.378679 1.674264 0.840283 0.099764 1.424240 1.819300 1.107341 0.085528 0.587064 0.913138 1.958608 1.581627 1.911652 0.796891 1.324150 0.331096 0.564361 1.103237 1.725965 1.736628 0.115600 1.010943 1.764901 0.492014 0.069007 1.041481 0.537913 1.610293 1.991141 0.192672 0.936676 1.991541 0.577635 0.511668 1.364218 1.757026 1.232126 0.000000 0.897431 1.618287
0.218838 1.218838 1.781162 0.781162 0.213587 0.518751 1.428306 0.057147 0.797667 0.526810 0.921869 1.995228 0.811903 1.484494 0.015707 1.143961 0.684196 1.014222 1.694322 0.426720 1.228527 0.333070 1.999332 0.828534 0.839198 0.781830 0.113513 0.867471 0.405417 0.966437 1.938911 1.435343 0.712862 1.111428 1.090102 0.039246 1.094111 1.475065 1.409099 1.738352 1.345544 0.334695 0.897431 0.000000 0.720857
0.939694 1.939694 1.060306 0.060306 0.934444 1.239608 0.707449 0.778004 1.518523 0.194047 0.201012 1.274372 1.532760 1.794649 0.705150 0.423105 0.036661 0.293365 1.584822 0.294137 1.949384 1.053926 1.278475 0.107677 0.118341 1.502687 0.607344 0.146614 1.126274 1.687294 1.340232 1.843800 0.007995 0.390572 1.810959 0.681611 0.373254 1.804078 1.870045 1.017495 0.624687 0.386161 1.618287 0.720857 0.000000
