40
0.000000 1.000000 2.000000 1.000000 0.690350 1.121220 0.337595 0.646852 0.155389 0.685866 0.423448 1.294930 1.956952 1.256592 1.280869 1.939596 1.546014 0.609605 0.306786 1.249869 1.674629 0.943272 1.490226 0.974109 1.287915 1.041349 0.386251 0.548667 1.227103 0.924443 1.051871 0.337585 0.891758 1.766680 0.134220 0.685105 0.502121 1.022122 1.029212 1.467935
1.000000 0.000000 1.000000 2.000000 1.690350 0.121220 1.337595 0.353148 1.155389 0.314134 0.576552 0.294930 1.043048 0.256592 0.280869 1.060404 0.546014 1.609605 0.693214 0.249869 1.325371 0.056728 0.490226 1.974109 1.712085 1.958651 1.386251 0.451333 0.227103 0.075557 0.051871 0.662415 0.108242 0.766680 0.865780 1.685105 1.502121 1.977878 1.970788 1.532065
2.000000 1.000000 0.000000 1.000000 1.309650 0.878780 1.662405 1.353148 1.844611 1.314134 1.576552 0.705070 0.043048 0.743408 0.719131 0.060404 0.453986 1.390395 1.693214 0.750131 0.325371 1.056728 0.509774 1.025891 0.712085 0.958651 1.613749 1.451333 0.772897 1.075557 0.948129 1.662415 1.108242 0.233320 1.865780 1.314895 1.497879 0.977878 0.970788 0.532065
1.000000 2.000000 1.000000 0.000000 0.309650 1.878780 0.662405 1.646852 0.844611 1.685866 1.423448 1.705070 0.956952 1.743408 1.719131 0.939596 1.453986 0.390395 1.306786 1.750131 0.674629 1.943272 1.509774 0.025891 0.287915 0.041349 0.613749 1.548667 1.772897 1.924443 1.948129 1.337585 1.891758 1.233320 1.134220 0.314895 0.497879 0.022122 0.029212 0.467935
0.690350 1.690350 1.309650 0.309650 0.000000 1.811570 0.352755 1.337202 0.534961 1.376216 1.113798 1.985281 1.266602 1.946942 1.971219 1.249246 1.763636 0.080745 0.997136 1.940219 0.984279 1.633622 1.819424 0.283759 0.597565 0.350999 0.304099 1.239017 1.917453 1.614793 1.742221 1.027935 1.582109 1.542970 0.824570 0.005245 0.188229 0.331772 0.338862 0.777585
1.121220 0.121220 0.878780 1.878780 1.811570 0.000000 1.458815 0.474368 1.276610 0.435355 0.697772 0.173710 0.921827 0.135372 0.159649 0.939183 0.424794 1.730825 0.814434 0.128648 1.204151 0.177948 0.369006 1.904671 1.590864 1.837431 1.507472 0.572553 0.105883 0.196777 0.069350 0.783636 0.229462 0.645460 0.987000 1.806326 1.623341 1.856658 1.849567 1.410845
0.337595 1.337595 1.662405 0.662405 0.352755 1.458815 0.000000 0.984447 0.182206 1.023461 0.761043 1.632525 1.619357 1.594187 1.618464 1.602001 1.883609 0.272010 0.644381 1.587464 1.337034 1.280867 1.827821 0.636514 0.950320 0.703754 0.048656 0.886262 1.564698 1.262038 1.389466 0.675179 1.229353 1.895725 0.471815 0.347510 0.164526 0.684527 0.691617 1.130340
0.646852 0.353148 1.353148 1.646852 1.337202 0.474368 0.984447 0.000000 0.802242 0.039013 0.223404 0.648078 1.396195 0.609739 0.634017 1.413551 0.899162 1.256457 0.340066 0.603016 1.678519 0.296420 0.843374 1.620961 1.934768 1.688201 1.033104 0.098185 0.580251 0.277591 0.405018 0.309268 0.244906 1.119828 0.512632 1.331958 1.148973 1.668974 1.676065 1.885213
0.155389 1.155389 1.844611 0.844611 0.534961 1.276610 0.182206 0.802242 0.000000 0.841255 0.578837 1.450320 1.801563 1.411981 1.436258 1.784207 1.701403 0.454216 0.462175 1.405258 1.519240 1.098662 1.645616 0.818720 1.132526 0.885959 0.230862 0.704056 1.382492 1.079833 1.207260 0.492974 1.047148 1.922069 0.289609 0.529716 0.346732 0.866733 0.873823 1.312545
0.685866 0.314134 1.314134 1.685866 1.376216 0.435355 1.023461 0.039013 0.841255 0.000000 0.262418 0.609065 1.357182 0.570726 0.595003 1.374538 0.860148 1.295470 0.379079 0.564003 1.639505 0.257407 0.804361 1.659975 1.973781 1.727214 1.072117 0.137199 0.541237 0.238578 0.366005 0.348281 0.205893 1.080814 0.551646 1.370971 1.187987 1.707987 1.715078 1.846200
0.423448 0.576552 1.576552 1.423448 1.113798 0.697772 0.761043 0.223404 0.578837 0.262418 0.000000 0.871483 1.619600 0.833144 0.857421 1.636956 1.122566 1.033053 0.116662 0.826421 1.901923 0.519825 1.066779 1.397557 1.711363 1.464797 0.809699 0.125219 0.803655 0.500996 0.628423 0.085863 0.468311 1.343232 0.289228 1.108553 0.925569 1.445570 1.452660 1.891382
1.294930 0.294930 0.705070 1.705070 1.985281 0.173710 1.632525 0.648078 1.450320 0.609065 0.871483 0.000000 0.748117 0.038339 0.014062 0.765473 0.251084 1.904535 0.988144 0.045062 1.030441 0.351658 0.195296 1.730960 1.417154 1.663721 1.681182 0.746263 0.067828 0.370487 0.243060 0.957346 0.403172 0.471749 1.160711 1.980036 1.797052 1.682948 1.675857 1.237135
1.956952 1.043048 0.043048 0.956952 1.266602 0.921827 1.619357 1.396195 1.801563 1.357182 1.619600 0.748117 0.000000 0.786456 0.762179 0.017356 0.497034 1.347348 1.736261 0.793179 0.282324 1.099775 0.552821 0.982843 0.669037 0.915604 1.570701 1.494380 0.815945 1.118604 0.991177 1.705463 1.151289 0.276368 1.908828 1.271847 1.454831 0.934831 0.927740 0.489018
1.256592 0.256592 0.743408 1.743408 1.946942 0.135372 1.594187 0.609739 1.411981 0.570726 0.833144 0.038339 0.786456 0.000000 0.024277 0.803812 0.289422 1.866197 0.949806 0.006723 1.068779 0.313319 0.233635 1.769299 1.455493 1.702059 1.642843 0.707925 0.029489 0.332148 0.204721 0.919007 0.364833 0.510088 1.122372 1.941697 1.758713 1.721286 1.714196 1.275474
1.280869 0.280869 0.719131 1.719131 1.971219 0.159649 1.618464 0.634017 1.436258 0.595003 0.857421 0.014062 0.762179 0.024277 0.000000 0.779535 0.265145 1.890474 0.974083 0.031000 1.044502 0.337597 0.209357 1.745022 1.431216 1.677782 1.667120 0.732202 0.053766 0.356426 0.228998 0.943284 0.389110 0.485811 1.146649 1.965974 1.782990 1.697009 1.689919 1.251197
1.939596 1.060404 0.060404 0.939596 1.249246 0.939183 1.602001 1.413551 1.784207 1.374538 1.636956 0.765473 0.017356 0.803812 0.779535 0.000000 0.514390 1.329991 1.753618 0.810535 0.264967 1.117131 0.570177 0.965487 0.651681 0.898248 1.553345 1.511737 0.833301 1.135960 1.008533 1.722819 1.168645 0.293724 1.926184 1.254491 1.437475 0.917474 0.910384 0.471662
1.546014 0.546014 0.453986 1.453986 1.763636 0.424794 1.883609 0.899162 1.701403 0.860148 1.122566 0.251084 0.497034 0.289422 0.265145 0.514390 0.000000 1.844381 1.239228 0.296145 0.779357 0.602742 0.055788 1.479877 1.166071 1.412637 1.932265 0.997347 0.318911 0.621571 0.494143 1.208429 0.654256 0.220666 1.411794 1.768881 1.951865 1.431864 1.424774 0.986051
0.609605 1.609605 1.390395 0.390395 0.080745 1.730825 0.272010 1.256457 0.454216 1.295470 1.033053 1.904535 1.347348 1.866197 1.890474 1.329991 1.844381 0.000000 0.916391 1.859473 1.065024 1.552877 1.900169 0.364504 0.678311 0.431744 0.223353 1.158272 1.836708 1.534048 1.661475 0.947189 1.501363 1.623715 0.743825 0.075501 0.107484 0.412517 0.419607 0.858330
0.306786 0.693214 1.693214 1.306786 0.997136 0.814434 0.644381 0.340066 0.462175 0.379079 0.116662 0.988144 1.736261 0.949806 0.974083 1.753618 1.239228 0.916391 0.000000 0.943082 1.981415 0.636486 1.183440 1.280895 1.594702 1.348135 0.693038 0.241881 0.920317 0.617657 0.745084 0.030798 0.584972 1.459894 0.172566 0.991892 0.808907 1.328908 1.335998 1.774721
1.249869 0.249869 0.750131 1.750131 1.940219 0.128648 1.587464 0.603016 1.405258 0.564003 0.826421 0.045062 0.793179 0.006723 0.031000 0.810535 0.296145 1.859473 0.943082 0.000000 1.075502 0.306596 0.240358 1.776022 1.462216 1.708783 1.636120 0.701202 0.022766 0.325425 0.197998 0.912284 0.358110 0.516811 1.115649 1.934974 1.751990 1.728010 1.720919 1.282197
1.674629 1.325371 0.325371 0.674629 0.984279 1.204151 1.337034 1.678519 1.519240 1.639505 1.901923 1.030441 0.282324 1.068779 1.044502 0.264967 0.779357 1.065024 1.981415 1.075502 0.000000 1.382099 0.835145 0.700520 0.386714 0.633280 1.288378 1.776704 1.098268 1.400928 1.273500 1.987787 1.433613 0.558691 1.808849 0.989524 1.172508 0.652507 0.645417 0.206694
0.943272 0.056728 1.056728 1.943272 1.633622 0.177948 1.280867 0.296420 1.098662 0.257407 0.519825 0.351658 1.099775 0.313319 0.337597 1.117131 0.602742 1.552877 0.636486 0.306596 1.382099 0.000000 0.546954 1.917382 1.768812 1.984621 1.329524 0.394605 0.283830 0.018829 0.108598 0.605688 0.051514 0.823407 0.809052 1.628378 1.445394 1.965394 1.972485 1.588793
1.490226 0.490226 0.509774 1.509774 1.819424 0.369006 1.827821 0.843374 1.645616 0.804361 1.066779 0.195296 0.552821 0.233635 0.209357 0.570177 0.055788 1.900169 1.183440 0.240358 0.835145 0.546954 0.000000 1.535664 1.221858 1.468425 1.876478 0.941559 0.263124 0.565783 0.438356 1.152642 0.598468 0.276453 1.356006 1.824668 1.992348 1.487652 1.480561 1.041839
0.974109 1.974109 1.025891 0.025891 0.283759 1.904671 0.636514 1.620961 0.818720 1.659975 1.397557 1.730960 0.982843 1.769299 1.745022 0.965487 1.479877 0.364504 1.280895 1.776022 0.700520 1.917382 1.535664 0.000000 0.313806 0.067240 0.587858 1.522776 1.798788 1.898553 1.974020 1.311694 1.865868 1.259211 1.108329 0.289004 0.471988 0.048013 0.055103 0.493825
1.287915 1.712085 0.712085 0.287915 0.597565 1.590864 0.950320 1.934768 1.132526 1.973781 1.711363 1.417154 0.669037 1.455493 1.431216 0.651681 1.166071 0.678311 1.594702 1.462216 0.386714 1.768812 1.221858 0.313806 0.000000 0.246567 0.901664 1.836582 1.484982 1.787641 1.660214 1.625500 1.820326 0.945405 1.422135 0.602810 0.785794 0.265794 0.258703 0.180019
1.041349 1.958651 0.958651 0.041349 0.350999 1.837431 0.703754 1.688201 0.885959 1.727214 1.464797 1.663721 0.915604 1.702059 1.677782 0.898248 1.412637 0.431744 1.348135 1.708783 0.633280 1.984621 1.468425 0.067240 0.246567 0.000000 0.655097 1.590016 1.731548 1.965792 1.906781 1.378933 1.933107 1.191971 1.175569 0.356243 0.539228 0.019227 0.012136 0.426586
0.386251 1.386251 1.613749 0.613749 0.304099 1.507472 0.048656 1.033104 0.230862 1.072117 0.809699 1.681182 1.570701 1.642843 1.667120 1.553345 1.932265 0.223353 0.693038 1.636120 1.288378 1.329524 1.876478 0.587858 0.901664 0.655097 0.000000 0.934919 1.613354 1.310695 1.438122 0.723836 1.278010 1.847069 0.520471 0.298854 0.115870 0.635870 0.642961 1.081683
0.548667 0.451333 1.451333 1.548667 1.239017 0.572553 0.886262 0.098185 0.704056 0.137199 0.125219 0.746263 1.494380 0.707925 0.732202 1.511737 0.997347 1.158272 0.241881 0.701202 1.776704 0.394605 0.941559 1.522776 1.836582 1.590016 0.934919 0.000000 0.678436 0.375776 0.503204 0.211083 0.343091 1.218013 0.414447 1.233772 1.050788 1.570789 1.577879 1.983398
1.227103 0.227103 0.772897 1.772897 1.917453 0.105883 1.564698 0.580251 1.382492 0.541237 0.803655 0.067828 0.815945 0.029489 0.053766 0.833301 0.318911 1.836708 0.920317 0.022766 1.098268 0.283830 0.263124 1.798788 1.484982 1.731548 1.613354 0.678436 0.000000 0.302659 0.175232 0.889518 0.335344 0.539577 1.092883 1.912208 1.729224 1.750775 1.743685 1.304963
0.924443 0.075557 1.075557 1.924443 1.614793 0.196777 1.262038 0.277591 1.079833 0.238578 0.500996 0.370487 1.118604 0.332148 0.356426 1.135960 0.621571 1.534048 0.617657 0.325425 1.400928 0.018829 0.565783 1.898553 1.787641 1.965792 1.310695 0.375776 0.302659 0.000000 0.127427 0.586859 0.032685 0.842236 0.790223 1.609549 1.426565 1.946565 1.953656 1.607622
1.051871 0.051871 0.948129 1.948129 1.742221 0.069350 1.389466 0.405018 1.207260 0.366005 0.628423 0.243060 0.991177 0.204721 0.228998 1.008533 0.494143 1.661475 0.745084 0.197998 1.273500 0.108598 0.438356 1.974020 1.660214 1.906781 1.438122 0.503204 0.175232 0.127427 0.000000 0.714286 0.160112 0.714809 0.917651 1.736976 1.553992 1.926008 1.918917 1.480195
0.337585 0.662415 1.662415 1.337585 1.027935 0.783636 0.675179 0.309268 0.492974 0.348281 0.085863 0.957346 1.705463 0.919007 0.943284 1.722819 1.208429 0.947189 0.030798 0.912284 1.987787 0.605688 1.152642 1.311694 1.625500 1.378933 0.723836 0.211083 0.889518 0.586859 0.714286 0.000000 0.554174 1.429095 0.203365 1.022690 0.839706 1.359706 1.366797 1.805519
0.891758 0.108242 1.108242 1.891758 1.582109 0.229462 1.229353 0.244906 1.047148 0.205893 0.468311 0.403172 1.151289 0.364833 0.389110 1.168645 0.654256 1.501363 0.584972 0.358110 1.433613 0.051514 0.598468 1.865868 1.820326 1.933107 1.278010 0.343091 0.335344 0.032685 0.160112 0.554174 0.000000 0.874921 0.757539 1.576864 1.393880 1.913880 1.920971 1.640307
1.766680 0.766680 0.233320 1.233320 1.542970 0.645460 1.895725 1.119828 1.922069 1.080814 1.343232 0.471749 0.276368 0.510088 0.485811 0.293724 0.220666 1.623715 1.459894 0.516811 0.558691 0.823407 0.276453 1.259211 0.945405 1.191971 1.847069 1.218013 0.539577 0.842236 0.714809 1.429095 0.874921 0.000000 1.632460 1.548215 1.731199 1.211198 1.204108 0.765386
0.134220 0.865780 1.865780 1.134220 0.824570 0.987000 0.471815 0.512632 0.289609 0.551646 0.289228 1.160711 1.908828 1.122372 1.146649 1.926184 1.411794 0.743825 0.172566 1.115649 1.808849 0.809052 1.356006 1.108329 1.422135 1.175569 0.520471 0.414447 1.092883 0.790223 0.917651 0.203365 0.757539 1.632460 0.000000 0.819325 0.636341 1.156342 1.163432 1.602155
0.685105 1.685105 1.314895 0.314895 0.005245 1.806326 0.347510 1.331958 0.529716 1.370971 1.108553 1.980036 1.271847 1.941697 1.965974 1.254491 1.768881 0.075501 0.991892 1.934974 0.989524 1.628378 1.824668 0.289004 0.602810 0.356243 0.298854 1.233772 1.912208 1.609549 1.736976 1.022690 1.576864 1.548215 0.819325 0.000000 0.182984 0.337016 0.344107 0.782829
0.502121 1.502121 1.497879 0.497879 0.188229 1.623341 0.164526 1.148973 0.346732 1.187987 0.925569 1.797052 1.454831 1.758713 1.782990 1.437475 1.951865 0.107484 0.808907 1.751990 1.172508 1.445394 1.992348 0.471988 0.785794 0.539228 0.115870 1.050788 1.729224 1.426565 1.553992 0.839706 1.393880 1.731199 0.636341 0.182984 0.000000 0.520001 0.527091 0.965813
1.022122 1.977878 0.977878 0.022122 0.331772 1.856658 0.684527 1.668974 0.866733 1.707987 1.445570 1.682948 0.934831 1.721286 1.697009 0.917474 1.431864 0.412517 1.328908 1.728010 0.652507 1.965394 1.487652 0.048013 0.265794 0.019227 0.635870 1.570789 1.750775 1.946565 1.926008 1.359706 1.913880 1.211198 1.156342 0.337016 0.520001 0.000000 0.007090 0.445813
1.029212 1.970788 0.970788 0.029212 0.338862 1.849567 0.691617 1.676065 0.873823 1.715078 1.452660 1.675857 0.927740 1.714196 1.689919 0.910384 1.424774 0.419607 1.335998 1.720919 0.645417 1.972485 1.480561 0.055103 0.258703 0.012136 0.642961 1.577879 1.743685 1.953656 1.918917 1.366797 1.920971 1.204108 1.163432 0.344107 0.527091 0.007090 0.000000 0.438722
1.467935 1.532065 0.532065 0.467935 0.777585 1.410845 1.130340 1.885213 1.312545 1.846200 1.891382 1.237135 0.489018 1.275474 1.251197 0.471662 0.986051 0.858330 1.774721 1.282197 0.206694 1.588793 1.041839 0.493825 0.180019 0.426586 1.081683 1.983398 1.304963 1.607622 1.480195 1.805519 1.640307 0.765386 1.602155 0.782829 0.965813 0.445813 0.438722 0.000000
