20
0.000000 1.000000 2.000000 1.000000 0.581858 0.181191 0.364997 0.677298 1.027215 1.759154 0.630483 0.585054 1.198350 1.789406 1.049698 1.842218 0.203855 0.672485 0.877303 0.087067
1.000000 0.000000 1.000000 2.000000 0.418142 1.181191 1.364997 1.677298 1.972785 1.240846 1.630483 1.585054 0.198350 1.210594 1.950302 1.157782 0.796145 1.672485 1.877303 0.912933
2.000000 1.000000 0.000000 1.000000 1.418142 1.818809 1.635003 1.322702 0.972785 0.240846 1.369517 1.414946 0.801650 0.210594 0.950302 0.157782 1.796145 1.327515 1.122697 1.912933
1.000000 2.000000 1.000000 0.000000 1.581858 0.818809 0.635003 0.322702 0.027215 0.759154 0.369517 0.414946 1.801650 0.789406 0.049698 0.842218 1.203855 0.327515 0.122697 1.087067
0.581858 0.418142 1.418142 1.581858 0.000000 0.763049 0.946854 1.259156 1.609072 1.658988 1.212341 1.166911 0.616493 1.628736 1.631556 1.575925 0.378003 1.254342 1.459161 0.494791
0.181191 1.181191 1.818809 0.818809 0.763049 0.000000 0.183805 0.496107 0.846023 1.577963 0.449292 0.403862 1.379542 1.608215 0.868507 1.661026 0.385046 0.491293 0.696112 0.268258
0.364997 1.364997 1.635003 0.635003 0.946854 0.183805 0.000000 0.312301 0.662218 1.394157 0.265486 0.220057 1.563347 1.424409 0.684701 1.477221 0.568852 0.307488 0.512307 0.452063
0.677298 1.677298 1.322702 0.322702 1.259156 0.496107 0.312301 0.000000 0.349917 1.081856 0.046815 0.092244 1.875648 1.112108 0.372400 1.164920 0.881153 0.004814 0.200005 0.764365
1.027215 1.972785 0.972785 0.027215 1.609072 0.846023 0.662218 0.349917 0.000000 0.731940 0.396732 0.442161 1.774435 0.762192 0.022483 0.815003 1.231070 0.354730 0.149911 1.114281
1.759154 1.240846 0.240846 0.759154 1.658988 1.577963 1.394157 1.081856 0.731940 0.000000 1.128671 1.174101 1.042495 0.030252 0.709456 0.083063 1.963009 1.086670 0.881851 1.846221
0.630483 1.630483 1.369517 0.369517 1.212341 0.449292 0.265486 0.046815 0.396732 1.128671 0.000000 0.045429 1.828833 1.158923 0.419215 1.211735 0.834338 0.042002 0.246820 0.717550
0.585054 1.585054 1.414946 0.414946 1.166911 0.403862 0.220057 0.092244 0.442161 1.174101 0.045429 0.000000 1.783404 1.204353 0.464644 1.257164 0.788909 0.087431 0.292250 0.672120
1.198350 0.198350 0.801650 1.801650 0.616493 1.379542 1.563347 1.875648 1.774435 1.042495 1.828833 1.783404 0.000000 1.012243 1.751951 0.959432 0.994495 1.870835 1.924346 1.111284
1.789406 1.210594 0.210594 0.789406 1.628736 1.608215 1.424409 1.112108 0.762192 0.030252 1.158923 1.204353 1.012243 0.000000 0.739708 0.052811 1.993261 1.116922 0.912103 1.876473
1.049698 1.950302 0.950302 0.049698 1.631556 0.868507 0.684701 0.372400 0.022483 0.709456 0.419215 0.464644 1.751951 0.739708 0.000000 0.792520 1.253553 0.377214 0.172395 1.136765
1.842218 1.157782 0.157782 0.842218 1.575925 1.661026 1.477221 1.164920 0.815003 0.083063 1.211735 1.257164 0.959432 0.052811 0.792520 0.000000 1.953927 1.169733 0.964914 1.929284
0.203855 0.796145 1.796145 1.203855 0.378003 0.385046 0.568852 0.881153 1.231070 1.963009 0.834338 0.788909 0.994495 1.993261 1.253553 1.953927 0.000000 0.876340 1.081158 0.116788
0.672485 1.672485 1.327515 0.327515 1.254342 0.491293 0.307488 0.004814 0.354730 1.086670 0.042002 0.087431 1.870835 1.116922 0.377214 1.169733 0.876340 0.000000 0.204819 0.759551
0.877303 1.877303 1.122697 0.122697 1.459161 0.696112 0.512307 0.200005 0.149911 0.881851 0.246820 0.292250 1.924346 0.912103 0.172395 0.964914 1.081158 0.204819 0.000000 0.964370
0.087067 0.912933 1.912933 1.087067 0.494791 0.268258 0.452063 0.764365 1.114281 1.846221 0.717550 0.672120 1.111284 1.876473 1.136765 1.929284 0.116788 0.759551 0.964370 0.000000
