15
0.000000 1.000000 2.000000 1.000000 1.950049 1.206260 0.988770 1.797898 1.164298 1.727062 0.671562 1.749903 0.331334 0.591949 0.127978
1.000000 0.000000 1.000000 2.000000 0.950049 1.793740 0.011230 1.202102 1.835702 1.272938 1.671562 0.749903 0.668666 0.408051 1.127978
2.000000 1.000000 0.000000 1.000000 0.049951 0.793740 1.011230 0.202102 0.835702 0.272938 1.328438 0.250097 1.668666 1.408051 1.872022
1.000000 2.000000 1.000000 0.000000 1.049951 0.206260 1.988770 0.797898 0.164298 0.727062 0.328438 1.250097 1.331334 1.591949 0.872022
1.950049 0.950049 0.049951 1.049951 0.000000 0.843690 0.961279 0.252053 0.885653 0.322889 1.378389 0.200146 1.618716 1.358100 1.921973
1.206260 1.793740 0.793740 0.206260 0.843690 0.000000 1.804969 0.591637 0.041962 0.520801 0.534698 1.043837 1.537594 1.798209 1.078282
0.988770 0.011230 1.011230 1.988770 0.961279 1.804969 0.000000 1.213332 1.846932 1.284168 1.660332 0.761133 0.657437 0.396821 1.116748
1.797898 1.202102 0.202102 0.797898 0.252053 0.591637 1.213332 0.000000 0.633600 0.070836 1.126335 0.452199 1.870769 1.610153 1.669920
1.164298 1.835702 0.835702 0.164298 0.885653 0.041962 1.846932 0.633600 0.000000 0.562764 0.492736 1.085799 1.495632 1.756247 1.036320
1.727062 1.272938 0.272938 0.727062 0.322889 0.520801 1.284168 0.070836 0.562764 0.000000 1.055500 0.523035 1.941605 1.680989 1.599084
0.671562 1.671562 1.328438 0.328438 1.378389 0.534698 1.660332 1.126335 0.492736 1.055500 0.000000 1.578535 1.002896 1.263511 0.543584
1.749903 0.749903 0.250097 1.250097 0.200146 1.043837 0.761133 0.452199 1.085799 0.523035 1.578535 0.000000 1.418569 1.157954 1.877881
0.331334 0.668666 1.668666 1.331334 1.618716 1.537594 0.657437 1.870769 1.495632 1.941605 1.002896 1.418569 0.000000 0.260615 0.459312
0.591949 0.408051 1.408051 1.591949 1.358100 1.798209 0.396821 1.610153 1.756247 1.680989 1.263511 1.157954 0.260615 0.000000 0.719927
0.127978 1.127978 1.872022 0.872022 1.921973 1.078282 1.116748 1.669920 1.036320 1.599084 0.543584 1.877881 0.459312 0.719927 0.000000
