45
0.000000 1.000000 2.000000 1.000000 1.955023 0.221299 1.488728 1.610709 1.805140 0.064359 0.222663 0.313974 0.859759 0.449465 0.566981 1.339596 0.901484 1.633803 0.801039 0.390733 1.836929 1.534718 0.465901 1.741328 1.567255 0.470403 1.122479 1.599736 0.732912 0.709782 0.856977 1.801789 1.395136 0.824518 1.765539 0.668897 1.783736 0.823492 0.199989 0.023175 1.117895 0.143196 1.939184 1.599993 1.931984
1.000000 0.000000 1.000000 2.000000 1.044977 0.778701 1.511272 0.610709 1.194860 1.064359 0.777337 0.686026 1.859759 1.449465 0.433019 0.339596 0.098516 0.633803 1.801039 1.390733 1.163071 0.534718 0.534099 0.741328 1.432745 0.529597 1.877521 1.400264 0.267088 1.709782 1.856977 1.198211 1.604864 0.175482 0.765539 0.331103 1.216264 1.823492 1.199989 1.023175 1.882105 1.143196 1.060816 0.599993 0.931984
2.000000 1.000000 0.000000 1.000000 0.044977 1.778701 0.511272 0.389291 0.194860 1.935641 1.777337 1.686026 1.140241 1.550535 1.433019 0.660404 1.098516 0.366197 1.198961 1.609267 0.163071 0.465282 1.534099 0.258672 0.432745 1.529597 0.877521 0.400264 1.267088 1.290218 1.143023 0.198211 0.604864 1.175482 0.234461 1.331103 0.216264 1.176508 1.800011 1.976825 0.882105 1.856804 0.060816 0.400007 0.068016
1.000000 2.000000 1.000000 0.000000 0.955023 1.221299 0.488728 1.389291 0.805140 0.935641 1.222663 1.313974 0.140241 0.550535 1.566981 1.660404 1.901484 1.366197 0.198961 0.609267 0.836929 1.465282 1.465901 1.258672 0.567255 1.470403 0.122479 0.599736 1.732912 0.290218 0.143023 0.801789 0.395136 1.824518 1.234461 1.668897 0.783736 0.176508 0.800011 0.976825 0.117895 0.856804 0.939184 1.400007 1.068016
1.955023 1.044977 0.044977 0.955023 0.000000 1.823678 0.466295 0.434268 0.149883 1.890664 1.822314 1.731003 1.095264 1.505558 1.477996 0.705381 1.143493 0.411174 1.153984 1.564290 0.118094 0.510259 1.579076 0.303649 0.387768 1.574574 0.832544 0.355287 1.312065 1.245241 1.098046 0.153234 0.559887 1.220459 0.279438 1.376080 0.171287 1.131531 1.755034 1.931848 0.837128 1.811827 0.015839 0.444984 0.112993
0.221299 0.778701 1.778701 1.221299 1.823678 0.000000 1.710027 1.389409 1.973561 0.285658 0.001364 0.092674 1.081058 0.670764 0.345681 1.118297 0.680185 1.412504 1.022338 0.612032 1.941772 1.313419 0.244602 1.520029 1.788554 0.249103 1.343778 1.821035 0.511613 0.931081 1.078277 1.976912 1.616435 0.603219 1.544240 0.447598 1.994964 1.044791 0.421289 0.244474 1.339195 0.364495 1.839516 1.378694 1.710685
1.488728 1.511272 0.511272 0.488728 0.466295 1.710027 0.000000 0.900563 0.316412 1.424369 1.711391 1.802702 0.628969 1.039263 1.944291 1.171676 1.609788 0.877469 0.687689 1.097995 0.348201 0.976554 1.954629 0.769944 0.078527 1.959131 0.366249 0.111008 1.778360 0.778946 0.631751 0.313061 0.093592 1.686754 0.745733 1.842375 0.295008 0.665236 1.288739 1.465553 0.370833 1.345532 0.450456 0.911279 0.579288
1.610709 0.610709 0.389291 1.389291 0.434268 1.389409 0.900563 0.000000 0.584152 1.675067 1.388045 1.296735 1.529533 1.939827 1.043728 0.271113 0.709225 0.023095 1.588252 1.998558 0.552362 0.075990 1.144808 0.130620 0.822036 1.140306 1.266813 0.789555 0.877796 1.679509 1.532314 0.587502 0.994155 0.786190 0.154831 0.941812 0.605555 1.565799 1.810698 1.633884 1.271396 1.753905 0.450107 0.010716 0.321275
1.805140 1.194860 0.194860 0.805140 0.149883 1.973561 0.316412 0.584152 0.000000 1.740781 1.972197 1.880887 0.945381 1.355675 1.627880 0.855265 1.293376 0.561057 1.004101 1.414407 0.031790 0.660142 1.728959 0.453532 0.237885 1.724458 0.682661 0.205404 1.461948 1.095357 0.948162 0.003350 0.410003 1.370342 0.429321 1.525963 0.021403 0.981647 1.605150 1.781964 0.687244 1.661944 0.134045 0.594867 0.262877
0.064359 1.064359 1.935641 0.935641 1.890664 0.285658 1.424369 1.675067 1.740781 0.000000 0.287022 0.378332 0.795400 0.385106 0.631339 1.403954 0.965843 1.698162 0.736680 0.326374 1.772570 1.599077 0.530260 1.805687 1.502896 0.534761 1.058120 1.535377 0.797271 0.645424 0.792619 1.737431 1.330778 0.888877 1.829898 0.733256 1.719378 0.759133 0.135631 0.041184 1.053537 0.078837 1.874826 1.664352 1.996343
0.222663 0.777337 1.777337 1.222663 1.822314 0.001364 1.711391 1.388045 1.972197 0.287022 0.000000 0.091310 1.082422 0.672128 0.344317 1.116932 0.678820 1.411140 1.023702 0.613396 1.940407 1.312055 0.243238 1.518665 1.789918 0.247739 1.345142 1.822399 0.510249 0.932446 1.079641 1.975547 1.617800 0.601855 1.542876 0.446234 1.993600 1.046156 0.422653 0.245839 1.340559 0.365859 1.838152 1.377330 1.709320
0.313974 0.686026 1.686026 1.313974 1.731003 0.092674 1.802702 1.296735 1.880887 0.378332 0.091310 0.000000 1.173732 0.763438 0.253007 1.025622 0.587510 1.319829 1.115013 0.704707 1.849097 1.220745 0.151927 1.427355 1.881229 0.156429 1.436452 1.913710 0.418939 1.023756 1.170951 1.884237 1.709110 0.510544 1.451566 0.354923 1.902290 1.137466 0.513963 0.337149 1.431869 0.457170 1.746842 1.286019 1.618010
0.859759 1.859759 1.140241 0.140241 1.095264 1.081058 0.628969 1.529533 0.945381 0.795400 1.082422 1.173732 0.000000 0.410294 1.426739 1.800646 1.761243 1.506438 0.058720 0.469026 0.977171 1.605523 1.325660 1.398913 0.707496 1.330161 0.262720 0.739977 1.592671 0.149976 0.002781 0.942031 0.535378 1.684277 1.374702 1.528656 0.923978 0.036266 0.659769 0.836584 0.258137 0.716563 1.079426 1.540248 1.208258
0.449465 1.449465 1.550535 0.550535 1.505558 0.670764 1.039263 1.939827 1.355675 0.385106 0.672128 0.763438 0.410294 0.000000 1.016445 1.789060 1.350948 1.916732 0.351574 0.058732 1.387465 1.984183 0.915366 1.809207 1.117790 0.919867 0.673014 1.150271 1.182377 0.260318 0.407513 1.352325 0.945672 1.273983 1.784996 1.118362 1.334272 0.374028 0.249475 0.426289 0.668431 0.306269 1.489720 1.950542 1.618552
0.566981 0.433019 1.433019 1.566981 1.477996 0.345681 1.944291 1.043728 1.627880 0.631339 0.344317 0.253007 1.426739 1.016445 0.000000 0.772615 0.334503 1.066823 1.368020 0.957713 1.596090 0.967738 0.101079 1.174348 1.865765 0.096578 1.689459 1.833283 0.165932 1.276763 1.423958 1.631230 1.962117 0.257538 1.198559 0.101917 1.649283 1.390473 0.766970 0.590156 1.684876 0.710176 1.493835 1.033012 1.365003
1.339596 0.339596 0.660404 1.660404 0.705381 1.118297 1.171676 0.271113 0.855265 1.403954 1.116932 1.025622 1.800646 1.789060 0.772615 0.000000 0.438112 0.294207 1.859365 1.730329 0.823475 0.195123 0.873695 0.401733 1.093149 0.869193 1.537925 1.060668 0.606683 1.950622 1.803427 0.858615 1.265268 0.515078 0.425944 0.670699 0.876668 1.836912 1.539585 1.362771 1.542509 1.482792 0.721220 0.260397 0.592388
0.901484 0.098516 1.098516 1.901484 1.143493 0.680185 1.609788 0.709225 1.293376 0.965843 0.678820 0.587510 1.761243 1.350948 0.334503 0.438112 0.000000 0.732319 1.702523 1.292217 1.261587 0.633234 0.435583 0.839845 1.531261 0.431081 1.976037 1.498780 0.168571 1.611266 1.758461 1.296727 1.703380 0.076966 0.864055 0.232587 1.314780 1.724976 1.101473 0.924659 1.980621 1.044680 1.159332 0.698509 1.030500
1.633803 0.633803 0.366197 1.366197 0.411174 1.412504 0.877469 0.023095 0.561057 1.698162 1.411140 1.319829 1.506438 1.916732 1.066823 0.294207 0.732319 0.000000 1.565158 1.975464 0.529268 0.099085 1.167902 0.107525 0.798942 1.163401 1.243718 0.766461 0.900891 1.656415 1.509219 0.564408 0.971061 0.809285 0.131736 0.964906 0.582460 1.542705 1.833793 1.656978 1.248301 1.776999 0.427012 0.033810 0.298181
0.801039 1.801039 1.198961 0.198961 1.153984 1.022338 0.687689 1.588252 1.004101 0.736680 1.023702 1.115013 0.058720 0.351574 1.368020 1.859365 1.702523 1.565158 0.000000 0.410306 1.035890 1.664243 1.266940 1.457633 0.766216 1.271442 0.321440 0.798697 1.533951 0.091257 0.055938 1.000750 0.594097 1.625557 1.433422 1.469936 0.982697 0.022453 0.601050 0.777864 0.316856 0.657843 1.138145 1.598968 1.266977
0.390733 1.390733 1.609267 0.609267 1.564290 0.612032 1.097995 1.998558 1.414407 0.326374 0.613396 0.704707 0.469026 0.058732 0.957713 1.730329 1.292217 1.975464 0.410306 0.000000 1.446196 1.925451 0.856634 1.867939 1.176522 0.861135 0.731746 1.209003 1.123645 0.319049 0.466244 1.411056 1.004403 1.215251 1.843728 1.059630 1.393003 0.432759 0.190744 0.367558 0.727162 0.247537 1.548451 1.990726 1.677283
1.836929 1.163071 0.163071 0.836929 0.118094 1.941772 0.348201 0.552362 0.031790 1.772570 1.940407 1.849097 0.977171 1.387465 1.596090 0.823475 1.261587 0.529268 1.035890 1.446196 0.000000 0.628353 1.697170 0.421742 0.269674 1.692668 0.714450 0.237193 1.430158 1.127147 0.979952 0.035140 0.441793 1.338553 0.397532 1.494174 0.053193 1.013437 1.636940 1.813754 0.719034 1.693733 0.102255 0.563078 0.231087
1.534718 0.534718 0.465282 1.465282 0.510259 1.313419 0.976554 0.075990 0.660142 1.599077 1.312055 1.220745 1.605523 1.984183 0.967738 0.195123 0.633234 0.099085 1.664243 1.925451 0.628353 0.000000 1.068817 0.206610 0.898027 1.064316 1.342803 0.865546 0.801806 1.755499 1.608304 0.663492 1.070145 0.710200 0.230821 0.865821 0.681545 1.641790 1.734708 1.557893 1.347386 1.677914 0.526097 0.065275 0.397266
0.465901 0.534099 1.534099 1.465901 1.579076 0.244602 1.954629 1.144808 1.728959 0.530260 0.243238 0.151927 1.325660 0.915366 0.101079 0.873695 0.435583 1.167902 1.266940 0.856634 1.697170 1.068817 0.000000 1.275427 1.966844 0.004501 1.588380 1.934363 0.267011 1.175683 1.322878 1.732310 1.861037 0.358617 1.299638 0.202996 1.750362 1.289393 0.665890 0.489076 1.583796 0.609097 1.594914 1.134092 1.466083
1.741328 0.741328 0.258672 1.258672 0.303649 1.520029 0.769944 0.130620 0.453532 1.805687 1.518665 1.427355 1.398913 1.809207 1.174348 0.401733 0.839845 0.107525 1.457633 1.867939 0.421742 0.206610 1.275427 0.000000 0.691417 1.270926 1.136193 0.658936 1.008416 1.548889 1.401694 0.456882 0.863535 0.916810 0.024211 1.072431 0.474935 1.435179 1.941318 1.764504 1.140776 1.884524 0.319487 0.141335 0.190655
1.567255 1.432745 0.432745 0.567255 0.387768 1.788554 0.078527 0.822036 0.237885 1.502896 1.789918 1.881229 0.707496 1.117790 1.865765 1.093149 1.531261 0.798942 0.766216 1.176522 0.269674 0.898027 1.966844 0.691417 0.000000 1.962343 0.444776 0.032481 1.699833 0.857473 0.710278 0.234534 0.172119 1.608227 0.667206 1.763848 0.216482 0.743763 1.367266 1.544080 0.449360 1.424059 0.371930 0.832752 0.500761
0.470403 0.529597 1.529597 1.470403 1.574574 0.249103 1.959131 1.140306 1.724458 0.534761 0.247739 0.156429 1.330161 0.919867 0.096578 0.869193 0.431081 1.163401 1.271442 0.861135 1.692668 1.064316 0.004501 1.270926 1.962343 0.000000 1.592881 1.929861 0.262510 1.180185 1.327380 1.727808 1.865539 0.354116 1.295137 0.198495 1.745861 1.293895 0.670392 0.493578 1.588298 0.613598 1.590413 1.129590 1.461581
1.122479 1.877521 0.877521 0.122479 0.832544 1.343778 0.366249 1.266813 0.682661 1.058120 1.345142 1.436452 0.262720 0.673014 1.689459 1.537925 1.976037 1.243718 0.321440 0.731746 0.714450 1.342803 1.588380 1.136193 0.444776 1.592881 0.000000 0.477257 1.855391 0.412697 0.265501 0.679310 0.272657 1.946997 1.111982 1.791376 0.661258 0.298987 0.922489 1.099304 0.004583 0.979283 0.816706 1.277528 0.945537
1.599736 1.400264 0.400264 0.599736 0.355287 1.821035 0.111008 0.789555 0.205404 1.535377 1.822399 1.913710 0.739977 1.150271 1.833283 1.060668 1.498780 0.766461 0.798697 1.209003 0.237193 0.865546 1.934363 0.658936 0.032481 1.929861 0.477257 0.000000 1.667352 0.889954 0.742759 0.202053 0.204600 1.575746 0.634725 1.731367 0.184000 0.776244 1.399747 1.576561 0.481841 1.456540 0.339448 0.800271 0.468280
0.732912 0.267088 1.267088 1.732912 1.312065 0.511613 1.778360 0.877796 1.461948 0.797271 0.510249 0.418939 1.592671 1.182377 0.165932 0.606683 0.168571 0.900891 1.533951 1.123645 1.430158 0.801806 0.267011 1.008416 1.699833 0.262510 1.855391 1.667352 0.000000 1.442695 1.589890 1.465298 1.871951 0.091606 1.032627 0.064015 1.483351 1.556405 0.932902 0.756088 1.850808 0.876108 1.327903 0.867081 1.199071
0.709782 1.709782 1.290218 0.290218 1.245241 0.931081 0.778946 1.679509 1.095357 0.645424 0.932446 1.023756 0.149976 0.260318 1.276763 1.950622 1.611266 1.656415 0.091257 0.319049 1.127147 1.755499 1.175683 1.548889 0.857473 1.180185 0.412697 0.889954 1.442695 0.000000 0.147195 1.092007 0.685354 1.534300 1.524678 1.378679 1.073954 0.113710 0.509793 0.686607 0.408113 0.566586 1.229402 1.690225 1.358234
0.856977 1.856977 1.143023 0.143023 1.098046 1.078277 0.631751 1.532314 0.948162 0.792619 1.079641 1.170951 0.002781 0.407513 1.423958 1.803427 1.758461 1.509219 0.055938 0.466244 0.979952 1.608304 1.322878 1.401694 0.710278 1.327380 0.265501 0.742759 1.589890 0.147195 0.000000 0.944812 0.538159 1.681495 1.377483 1.525874 0.926759 0.033485 0.656988 0.833802 0.260918 0.713781 1.082207 1.543030 1.211039
1.801789 1.198211 0.198211 0.801789 0.153234 1.976912 0.313061 0.587502 0.003350 1.737431 1.975547 1.884237 0.942031 1.352325 1.631230 0.858615 1.296727 0.564408 1.000750 1.411056 0.035140 0.663492 1.732310 0.456882 0.234534 1.727808 0.679310 0.202053 1.465298 1.092007 0.944812 0.000000 0.406653 1.373693 0.432671 1.529314 0.018053 0.978297 1.601800 1.778614 0.683894 1.658593 0.137395 0.598218 0.266227
1.395136 1.604864 0.604864 0.395136 0.559887 1.616435 0.093592 0.994155 0.410003 1.330778 1.617800 1.709110 0.535378 0.945672 1.962117 1.265268 1.703380 0.971061 0.594097 1.004403 0.441793 1.070145 1.861037 0.863535 0.172119 1.865539 0.272657 0.204600 1.871951 0.685354 0.538159 0.406653 0.000000 1.780346 0.839324 1.935967 0.388600 0.571644 1.195147 1.371961 0.277241 1.251940 0.544048 1.004871 0.672880
0.824518 0.175482 1.175482 1.824518 1.220459 0.603219 1.686754 0.786190 1.370342 0.888877 0.601855 0.510544 1.684277 1.273983 0.257538 0.515078 0.076966 0.809285 1.625557 1.215251 1.338553 0.710200 0.358617 0.916810 1.608227 0.354116 1.946997 1.575746 0.091606 1.534300 1.681495 1.373693 1.780346 0.000000 0.941021 0.155621 1.391745 1.648010 1.024508 0.847693 1.942414 0.967714 1.236297 0.775475 1.107466
1.765539 0.765539 0.234461 1.234461 0.279438 1.544240 0.745733 0.154831 0.429321 1.829898 1.542876 1.451566 1.374702 1.784996 1.198559 0.425944 0.864055 0.131736 1.433422 1.843728 0.397532 0.230821 1.299638 0.024211 0.667206 1.295137 1.111982 0.634725 1.032627 1.524678 1.377483 0.432671 0.839324 0.941021 0.000000 1.096642 0.450724 1.410968 1.965529 1.788714 1.116565 1.908735 0.295276 0.165546 0.166444
0.668897 0.331103 1.331103 1.668897 1.376080 0.447598 1.842375 0.941812 1.525963 0.733256 0.446234 0.354923 1.528656 1.118362 0.101917 0.670699 0.232587 0.964906 1.469936 1.059630 1.494174 0.865821 0.202996 1.072431 1.763848 0.198495 1.791376 1.731367 0.064015 1.378679 1.525874 1.529314 1.935967 0.155621 1.096642 0.000000 1.547366 1.492389 0.868887 0.692072 1.786793 0.812093 1.391918 0.931096 1.263087
1.783736 1.216264 0.216264 0.783736 0.171287 1.994964 0.295008 0.605555 0.021403 1.719378 1.993600 1.902290 0.923978 1.334272 1.649283 0.876668 1.314780 0.582460 0.982697 1.393003 0.053193 0.681545 1.750362 0.474935 0.216482 1.745861 0.661258 0.184000 1.483351 1.073954 0.926759 0.018053 0.388600 1.391745 0.450724 1.547366 0.000000 0.960244 1.583747 1.760561 0.665841 1.640540 0.155448 0.616271 0.284280
0.823492 1.823492 1.176508 0.176508 1.131531 1.044791 0.665236 1.565799 0.981647 0.759133 1.046156 1.137466 0.036266 0.374028 1.390473 1.836912 1.724976 1.542705 0.022453 0.432759 1.013437 1.641790 1.289393 1.435179 0.743763 1.293895 0.298987 0.776244 1.556405 0.113710 0.033485 0.978297 0.571644 1.648010 1.410968 1.492389 0.960244 0.000000 0.623503 0.800317 0.294403 0.680296 1.115692 1.576515 1.244524
0.199989 1.199989 1.800011 0.800011 1.755034 0.421289 1.288739 1.810698 1.605150 0.135631 0.422653 0.513963 0.659769 0.249475 0.766970 1.539585 1.101473 1.833793 0.601050 0.190744 1.636940 1.734708 0.665890 1.941318 1.367266 0.670392 0.922489 1.399747 0.932902 0.509793 0.656988 1.601800 1.195147 1.024508 1.965529 0.868887 1.583747 0.623503 0.000000 0.176814 0.917906 0.056793 1.739195 1.799982 1.868027
0.023175 1.023175 1.976825 0.976825 1.931848 0.244474 1.465553 1.633884 1.781964 0.041184 0.245839 0.337149 0.836584 0.426289 0.590156 1.362771 0.924659 1.656978 0.777864 0.367558 1.813754 1.557893 0.489076 1.764504 1.544080 0.493578 1.099304 1.576561 0.756088 0.686607 0.833802 1.778614 1.371961 0.847693 1.788714 0.692072 1.760561 0.800317 0.176814 0.000000 1.094720 0.120021 1.916009 1.623168 1.955159
1.117895 1.882105 0.882105 0.117895 0.837128 1.339195 0.370833 1.271396 0.687244 1.053537 1.340559 1.431869 0.258137 0.668431 1.684876 1.542509 1.980621 1.248301 0.316856 0.727162 0.719034 1.347386 1.583796 1.140776 0.449360 1.588298 0.004583 0.481841 1.850808 0.408113 0.260918 0.683894 0.277241 1.942414 1.116565 1.786793 0.665841 0.294403 0.917906 1.094720 0.000000 0.974699 0.821289 1.282112 0.950121
0.143196 1.143196 1.856804 0.856804 1.811827 0.364495 1.345532 1.753905 1.661944 0.078837 0.365859 0.457170 0.716563 0.306269 0.710176 1.482792 1.044680 1.776999 0.657843 0.247537 1.693733 1.677914 0.609097 1.884524 1.424059 0.613598 0.979283 1.456540 0.876108 0.566586 0.713781 1.658593 1.251940 0.967714 1.908735 0.812093 1.640540 0.680296 0.056793 0.120021 0.974699 0.000000 1.795988 1.743189 1.924820
1.939184 1.060816 0.060816 0.939184 0.015839 1.839516 0.450456 0.450107 0.134045 1.874826 1.838152 1.746842 1.079426 1.489720 1.493835 0.721220 1.159332 0.427012 1.138145 1.548451 0.102255 0.526097 1.594914 0.319487 0.371930 1.590413 0.816706 0.339448 1.327903 1.229402 1.082207 0.137395 0.544048 1.236297 0.295276 1.391918 0.155448 1.115692 1.739195 1.916009 0.821289 1.795988 0.000000 0.460823 0.128832
1.599993 0.599993 0.400007 1.400007 0.444984 1.378694 0.911279 0.010716 0.594867 1.664352 1.377330 1.286019 1.540248 1.950542 1.033012 0.260397 0.698509 0.033810 1.598968 1.990726 0.563078 0.065275 1.134092 0.141335 0.832752 1.129590 1.277528 0.800271 0.867081 1.690225 1.543030 0.598218 1.004871 0.775475 0.165546 0.931096 0.616271 1.576515 1.799982 1.623168 1.282112 1.743189 0.460823 0.000000 0.331991
1.931984 0.931984 0.068016 1.068016 0.112993 1.710685 0.579288 0.321275 0.262877 1.996343 1.709320 1.618010 1.208258 1.618552 1.365003 0.592388 1.030500 0.298181 1.266977 1.677283 0.231087 0.397266 1.466083 0.190655 0.500761 1.461581 0.945537 0.468280 1.199071 1.358234 1.211039 0.266227 0.672880 1.107466 0.166444 1.263087 0.284280 1.244524 1.868027 1.955159 0.950121 1.924820 0.128832 0.331991 0.000000
