40
0.000000 1.000000 2.000000 1.000000 0.185619 1.975571 0.093655 0.599200 1.700299 0.655040 0.687252 1.756370 1.481926 1.914024 1.817109 1.507490 0.319742 1.022935 1.637496 0.404504 0.498513 0.735284 0.685397 1.833419 0.455759 1.192982 0.540573 0.279929 0.467284 0.519842 1.793405 0.417191 0.202380 1.431374 1.251485 0.439699 1.171727 1.121604 1.624014 1.636935
1.000000 0.000000 1.000000 2.000000 0.814381 1.024429 0.906345 0.400800 1.299701 1.655040 0.312748 1.243630 0.481926 0.914024 1.182891 1.492510 1.319742 0.022935 1.362504 0.595496 1.498513 0.264716 0.314603 1.166581 0.544241 0.192982 1.540573 0.720071 1.467284 1.519842 0.793405 1.417191 1.202380 0.431374 0.251485 0.560301 0.171727 0.121604 1.375986 0.636935
2.000000 1.000000 0.000000 1.000000 1.814381 0.024429 1.906345 1.400800 0.299701 1.344960 1.312748 0.243630 0.518074 0.085976 0.182891 0.492510 1.680258 0.977065 0.362504 1.595496 1.501487 1.264716 1.314603 0.166581 1.544241 0.807018 1.459427 1.720071 1.532716 1.480158 0.206595 1.582809 1.797620 0.568626 0.748515 1.560301 0.828273 0.878396 0.375986 0.363065
1.000000 2.000000 1.000000 0.000000 1.185619 0.975571 1.093655 1.599200 0.700299 0.344960 1.687252 0.756370 1.518074 1.085976 0.817109 0.507490 0.680258 1.977065 0.637496 1.404504 0.501487 1.735284 1.685397 0.833419 1.455759 1.807018 0.459427 1.279929 0.532716 0.480158 1.206595 0.582809 0.797620 1.568626 1.748515 1.439699 1.828273 1.878396 0.624014 1.363065
0.185619 0.814381 1.814381 1.185619 0.000000 1.838810 0.091964 0.413581 1.885918 0.840660 0.501632 1.941989 1.296306 1.728405 1.997271 1.693109 0.505362 0.837316 1.823115 0.218884 0.684132 0.549664 0.499778 1.980961 0.270140 1.007362 0.726192 0.094310 0.652903 0.705461 1.607786 0.602811 0.388000 1.245754 1.065866 0.254079 0.986107 0.935984 1.809634 1.451316
1.975571 1.024429 0.024429 0.975571 1.838810 0.000000 1.930774 1.425229 0.275272 1.320530 1.337177 0.219201 0.542504 0.110405 0.158461 0.468081 1.655829 1.001494 0.338075 1.619925 1.477058 1.289146 1.339032 0.142151 1.568670 0.831448 1.434998 1.744500 1.508287 1.455729 0.231024 1.558380 1.773190 0.593055 0.772944 1.584731 0.852703 0.902826 0.351557 0.387494
0.093655 0.906345 1.906345 1.093655 0.091964 1.930774 0.000000 0.505545 1.793954 0.748696 0.593596 1.850025 1.388270 1.820369 1.910765 1.601145 0.413398 0.929280 1.731151 0.310848 0.592168 0.641628 0.591742 1.927075 0.362104 1.099326 0.634228 0.186274 0.560939 0.613497 1.699750 0.510847 0.296036 1.337718 1.157830 0.346043 1.078071 1.027948 1.717670 1.543280
0.599200 0.400800 1.400800 1.599200 0.413581 1.425229 0.505545 0.000000 1.700501 1.254241 0.088052 1.644430 0.882725 1.314824 1.583690 1.893310 0.918942 0.423735 1.763304 0.194696 1.097713 0.136083 0.086197 1.567380 0.143441 0.593781 1.139773 0.319271 1.066484 1.119042 1.194205 1.016391 0.801581 0.832174 0.652285 0.159502 0.572526 0.522403 1.776786 1.037735
1.700299 1.299701 0.299701 0.700299 1.885918 0.275272 1.793954 1.700501 0.000000 1.045259 1.612449 0.056071 0.817775 0.385677 0.116810 0.192809 1.380557 1.276766 0.062803 1.895197 1.201786 1.564417 1.614304 0.133120 1.843942 1.106719 1.159726 1.980228 1.233015 1.180457 0.506296 1.283108 1.497919 0.868327 1.048216 1.860002 1.127974 1.178098 0.076285 0.662766
0.655040 1.655040 1.344960 0.344960 0.840660 1.320530 0.748696 1.254241 1.045259 0.000000 1.342292 1.101330 1.863034 1.430936 1.162069 0.852450 0.335298 1.677976 0.982455 1.059544 0.156527 1.390324 1.340437 1.178379 1.110799 1.848022 0.114468 0.934970 0.187756 0.135199 1.551554 0.237849 0.452660 1.913586 1.906525 1.094739 1.826767 1.776644 0.968974 1.708025
0.687252 0.312748 1.312748 1.687252 0.501632 1.337177 0.593596 0.088052 1.612449 1.342292 0.000000 1.556378 0.794674 1.226772 1.495639 1.805258 1.006994 0.335683 1.675252 0.282748 1.185765 0.048032 0.001855 1.479329 0.231493 0.505730 1.227824 0.407322 1.154536 1.207093 1.106153 1.104443 0.889632 0.744122 0.564233 0.247553 0.484475 0.434352 1.688734 0.949683
1.756370 1.243630 0.243630 0.756370 1.941989 0.219201 1.850025 1.644430 0.056071 1.101330 1.556378 0.000000 0.761704 0.329606 0.060739 0.248880 1.436628 1.220695 0.118874 1.839126 1.257857 1.508346 1.558233 0.077049 1.787871 1.050648 1.215797 1.963701 1.289086 1.236528 0.450225 1.339179 1.553990 0.812256 0.992145 1.803931 1.071903 1.122026 0.132356 0.606695
1.481926 0.481926 0.518074 1.518074 1.296306 0.542504 1.388270 0.882725 0.817775 1.863034 0.794674 0.761704 0.000000 0.432098 0.700965 1.010585 1.801668 0.458990 0.880579 1.077422 1.980439 0.746642 0.796529 0.684655 1.026167 0.288944 1.977502 1.201996 1.949210 1.998233 0.311480 1.899117 1.684306 0.050552 0.230441 1.042227 0.310199 0.360322 0.894060 0.155010
1.914024 0.914024 0.085976 1.085976 1.728405 0.110405 1.820369 1.314824 0.385677 1.430936 1.226772 0.329606 0.432098 0.000000 0.268867 0.578486 1.766234 0.891089 0.448480 1.509520 1.587463 1.178740 1.228627 0.252557 1.458265 0.721042 1.545403 1.634095 1.618692 1.566134 0.120619 1.668785 1.883596 0.482650 0.662539 1.474325 0.742297 0.792421 0.461962 0.277089
1.817109 1.182891 0.182891 0.817109 1.997271 0.158461 1.910765 1.583690 0.116810 1.162069 1.495639 0.060739 0.700965 0.268867 0.000000 0.309620 1.497367 1.159955 0.179614 1.778387 1.318596 1.447607 1.497494 0.016310 1.727132 0.989909 1.276537 1.902961 1.349825 1.297268 0.389485 1.399918 1.614729 0.751517 0.931406 1.743192 1.011164 1.061287 0.193095 0.545955
1.507490 1.492510 0.492510 0.507490 1.693109 0.468081 1.601145 1.893310 0.192809 0.852450 1.805258 0.248880 1.010585 0.578486 0.309620 0.000000 1.187748 1.469575 0.130006 1.911994 1.008977 1.757226 1.807113 0.325929 1.963249 1.299528 0.966917 1.787419 1.040206 0.987648 0.699105 1.090299 1.305110 1.061136 1.241025 1.947189 1.320783 1.370907 0.116524 0.855575
0.319742 1.319742 1.680258 0.680258 0.505362 1.655829 0.413398 0.918942 1.380557 0.335298 1.006994 1.436628 1.801668 1.766234 1.497367 1.187748 0.000000 1.342677 1.317753 0.724246 0.178771 1.055026 1.005139 1.513677 0.775501 1.512724 0.220830 0.599672 0.147542 0.200099 1.886853 0.097449 0.117362 1.751116 1.571227 0.759441 1.491469 1.441346 1.304272 1.956677
1.022935 0.022935 0.977065 1.977065 0.837316 1.001494 0.929280 0.423735 1.276766 1.677976 0.335683 1.220695 0.458990 0.891089 1.159955 1.469575 1.342677 0.000000 1.339569 0.618431 1.521448 0.287651 0.337538 1.143645 0.567176 0.170046 1.563508 0.743006 1.490219 1.542777 0.770470 1.440126 1.225316 0.408439 0.228550 0.583237 0.148792 0.098668 1.353051 0.614000
1.637496 1.362504 0.362504 0.637496 1.823115 0.338075 1.731151 1.763304 0.062803 0.982455 1.675252 0.118874 0.880579 0.448480 0.179614 0.130006 1.317753 1.339569 0.000000 1.958001 1.138983 1.627221 1.677107 0.195924 1.906745 1.169523 1.096923 1.917425 1.170212 1.117654 0.569099 1.220304 1.435115 0.931131 1.111019 1.922806 1.190778 1.240901 0.013481 0.725569
0.404504 0.595496 1.595496 1.404504 0.218884 1.619925 0.310848 0.194696 1.895197 1.059544 0.282748 1.839126 1.077422 1.509520 1.778387 1.911994 0.724246 0.618431 1.958001 0.000000 0.903017 0.330780 0.280893 1.762077 0.051255 0.788478 0.945076 0.124574 0.871788 0.924345 1.388901 0.821695 0.606884 1.026870 0.846981 0.035195 0.767223 0.717100 1.971482 1.232431
0.498513 1.498513 1.501487 0.501487 0.684132 1.477058 0.592168 1.097713 1.201786 0.156527 1.185765 1.257857 1.980439 1.587463 1.318596 1.008977 0.178771 1.521448 1.138983 0.903017 0.000000 1.233797 1.183910 1.334906 0.954272 1.691495 0.042060 0.778442 0.031229 0.021329 1.708082 0.081322 0.296133 1.929887 1.749998 0.938212 1.670240 1.620117 1.125501 1.864552
0.735284 0.264716 1.264716 1.735284 0.549664 1.289146 0.641628 0.136083 1.564417 1.390324 0.048032 1.508346 0.746642 1.178740 1.447607 1.757226 1.055026 0.287651 1.627221 0.330780 1.233797 0.000000 0.049887 1.431297 0.279525 0.457698 1.275856 0.455354 1.202568 1.255125 1.058121 1.152475 0.937664 0.696090 0.516201 0.295585 0.436443 0.386320 1.640702 0.901651
0.685397 0.314603 1.314603 1.685397 0.499778 1.339032 0.591742 0.086197 1.614304 1.340437 0.001855 1.558233 0.796529 1.228627 1.497494 1.807113 1.005139 0.337538 1.677107 0.280893 1.183910 0.049887 0.000000 1.481184 0.229638 0.507585 1.225969 0.405467 1.152681 1.205238 1.108008 1.102588 0.887777 0.745977 0.566088 0.245698 0.486330 0.436207 1.690589 0.951538
1.833419 1.166581 0.166581 0.833419 1.980961 0.142151 1.927075 1.567380 0.133120 1.178379 1.479329 0.077049 0.684655 0.252557 0.016310 0.325929 1.513677 1.143645 0.195924 1.762077 1.334906 1.431297 1.481184 0.000000 1.710822 0.973599 1.292847 1.886651 1.366135 1.313578 0.373175 1.416228 1.631039 0.735207 0.915096 1.726882 0.994854 1.044977 0.209405 0.529646
0.455759 0.544241 1.544241 1.455759 0.270140 1.568670 0.362104 0.143441 1.843942 1.110799 0.231493 1.787871 1.026167 1.458265 1.727132 1.963249 0.775501 0.567176 1.906745 0.051255 0.954272 0.279525 0.229638 1.710822 0.000000 0.737223 0.996332 0.175830 0.923043 0.975601 1.337646 0.872950 0.658139 0.975615 0.795726 0.016060 0.715968 0.665844 1.920227 1.181176
1.192982 0.192982 0.807018 1.807018 1.007362 0.831448 1.099326 0.593781 1.106719 1.848022 0.505730 1.050648 0.288944 0.721042 0.989909 1.299528 1.512724 0.170046 1.169523 0.788478 1.691495 0.457698 0.507585 0.973599 0.737223 0.000000 1.733554 0.913052 1.660266 1.712823 0.600424 1.610173 1.395362 0.238392 0.058503 0.753283 0.021255 0.071378 1.183004 0.443953
0.540573 1.540573 1.459427 0.459427 0.726192 1.434998 0.634228 1.139773 1.159726 0.114468 1.227824 1.215797 1.977502 1.545403 1.276537 0.966917 0.220830 1.563508 1.096923 0.945076 0.042060 1.275856 1.225969 1.292847 0.996332 1.733554 0.000000 0.820502 0.073289 0.020731 1.666022 0.123381 0.338192 1.971946 1.792058 0.980271 1.712299 1.662176 1.083442 1.822492
0.279929 0.720071 1.720071 1.279929 0.094310 1.744500 0.186274 0.319271 1.980228 0.934970 0.407322 1.963701 1.201996 1.634095 1.902961 1.787419 0.599672 0.743006 1.917425 0.124574 0.778442 0.455354 0.405467 1.886651 0.175830 0.913052 0.820502 0.000000 0.747213 0.799771 1.513476 0.697121 0.482310 1.151444 0.971556 0.159769 0.891797 0.841674 1.903944 1.357006
0.467284 1.467284 1.532716 0.532716 0.652903 1.508287 0.560939 1.066484 1.233015 0.187756 1.154536 1.289086 1.949210 1.618692 1.349825 1.040206 0.147542 1.490219 1.170212 0.871788 0.031229 1.202568 1.152681 1.366135 0.923043 1.660266 0.073289 0.747213 0.000000 0.052558 1.739311 0.050093 0.264904 1.898658 1.718769 0.906983 1.639011 1.588887 1.156730 1.895781
0.519842 1.519842 1.480158 0.480158 0.705461 1.455729 0.613497 1.119042 1.180457 0.135199 1.207093 1.236528 1.998233 1.566134 1.297268 0.987648 0.200099 1.542777 1.117654 0.924345 0.021329 1.255125 1.205238 1.313578 0.975601 1.712823 0.020731 0.799771 0.052558 0.000000 1.686753 0.102650 0.317461 1.951215 1.771327 0.959540 1.691568 1.641445 1.104173 1.843223
1.793405 0.793405 0.206595 1.206595 1.607786 0.231024 1.699750 1.194205 0.506296 1.551554 1.106153 0.450225 0.311480 0.120619 0.389485 0.699105 1.886853 0.770470 0.569099 1.388901 1.708082 1.058121 1.108008 0.373175 1.337646 0.600424 1.666022 1.513476 1.739311 1.686753 0.000000 1.789404 1.995786 0.362031 0.541920 1.353707 0.621679 0.671802 0.582581 0.156470
0.417191 1.417191 1.582809 0.582809 0.602811 1.558380 0.510847 1.016391 1.283108 0.237849 1.104443 1.339179 1.899117 1.668785 1.399918 1.090299 0.097449 1.440126 1.220304 0.821695 0.081322 1.152475 1.102588 1.416228 0.872950 1.610173 0.123381 0.697121 0.050093 0.102650 1.789404 0.000000 0.214811 1.848565 1.668676 0.856890 1.588918 1.538795 1.206823 1.945874
0.202380 1.202380 1.797620 0.797620 0.388000 1.773190 0.296036 0.801581 1.497919 0.452660 0.889632 1.553990 1.684306 1.883596 1.614729 1.305110 0.117362 1.225316 1.435115 0.606884 0.296133 0.937664 0.887777 1.631039 0.658139 1.395362 0.338192 0.482310 0.264904 0.317461 1.995786 0.214811 0.000000 1.633754 1.453865 0.642079 1.374107 1.323984 1.421634 1.839316
1.431374 0.431374 0.568626 1.568626 1.245754 0.593055 1.337718 0.832174 0.868327 1.913586 0.744122 0.812256 0.050552 0.482650 0.751517 1.061136 1.751116 0.408439 0.931131 1.026870 1.929887 0.696090 0.745977 0.735207 0.975615 0.238392 1.971946 1.151444 1.898658 1.951215 0.362031 1.848565 1.633754 0.000000 0.179889 0.991675 0.259647 0.309770 0.944612 0.205561
1.251485 0.251485 0.748515 1.748515 1.065866 0.772944 1.157830 0.652285 1.048216 1.906525 0.564233 0.992145 0.230441 0.662539 0.931406 1.241025 1.571227 0.228550 1.111019 0.846981 1.749998 0.516201 0.566088 0.915096 0.795726 0.058503 1.792058 0.971556 1.718769 1.771327 0.541920 1.668676 1.453865 0.179889 0.000000 0.811786 0.079758 0.129881 1.124501 0.385450
0.439699 0.560301 1.560301 1.439699 0.254079 1.584731 0.346043 0.159502 1.860002 1.094739 0.247553 1.803931 1.042227 1.474325 1.743192 1.947189 0.759441 0.583237 1.922806 0.035195 0.938212 0.295585 0.245698 1.726882 0.016060 0.753283 0.980271 0.159769 0.906983 0.959540 1.353707 0.856890 0.642079 0.991675 0.811786 0.000000 0.732028 0.681905 1.936287 1.197236
1.171727 0.171727 0.828273 1.828273 0.986107 0.852703 1.078071 0.572526 1.127974 1.826767 0.484475 1.071903 0.310199 0.742297 1.011164 1.320783 1.491469 0.148792 1.190778 0.767223 1.670240 0.436443 0.486330 0.994854 0.715968 0.021255 1.712299 0.891797 1.639011 1.691568 0.621679 1.588918 1.374107 0.259647 0.079758 0.732028 0.000000 0.050123 1.204259 0.465208
1.121604 0.121604 0.878396 1.878396 0.935984 0.902826 1.027948 0.522403 1.178098 1.776644 0.434352 1.122026 0.360322 0.792421 1.061287 1.370907 1.441346 0.098668 1.240901 0.717100 1.620117 0.386320 0.436207 1.044977 0.665844 0.071378 1.662176 0.841674 1.588887 1.641445 0.671802 1.538795 1.323984 0.309770 0.129881 0.681905 0.050123 0.000000 1.254382 0.515332
1.624014 1.375986 0.375986 0.624014 1.809634 0.351557 1.717670 1.776786 0.076285 0.968974 1.688734 0.132356 0.894060 0.461962 0.193095 0.116524 1.304272 1.353051 0.013481 1.971482 1.125501 1.640702 1.690589 0.209405 1.920227 1.183004 1.083442 1.903944 1.156730 1.104173 0.582581 1.206823 1.421634 0.944612 1.124501 1.936287 1.204259 1.254382 0.000000 0.739051
1.636935 0.636935 0.363065 1.363065 1.451316 0.387494 1.543280 1.037735 0.662766 1.708025 0.949683 0.606695 0.155010 0.277089 0.545955 0.855575 1.956677 0.614000 0.725569 1.232431 1.864552 0.901651 0.951538 0.529646 1.181176 0.443953 1.822492 1.357006 1.895781 1.843223 0.156470 1.945874 1.839316 0.205561 0.385450 1.197236 0.465208 0.515332 0.739051 0.000000
