25
0.000000 1.000000 2.000000 1.000000 1.527566 0.650689 1.508080 0.697008 1.739246 0.467931 0.609375 1.787881 0.666795 1.302668 1.855233 0.400972 0.798322 1.128057 1.629171 1.210470 0.685384 1.419228 1.084435 0.999194 1.631848
1.000000 0.000000 1.000000 2.000000 1.472434 1.650689 0.508080 0.302992 1.260754 0.532069 0.390625 0.787881 0.333205 1.697332 1.144767 0.599028 0.201678 0.128057 0.629171 1.789530 0.314616 0.419228 0.084435 0.000806 0.631848
2.000000 1.000000 0.000000 1.000000 0.472434 1.349311 0.491920 1.302992 0.260754 1.532069 1.390625 0.212119 1.333205 0.697332 0.144767 1.599028 1.201678 0.871943 0.370829 0.789530 1.314616 0.580772 0.915565 1.000806 0.368152
1.000000 2.000000 1.000000 0.000000 0.527566 0.349311 1.491920 1.697008 0.739246 1.467931 1.609375 1.212119 1.666795 0.302668 0.855233 1.400972 1.798322 1.871943 1.370829 0.210470 1.685384 1.580772 1.915565 1.999194 1.368152
1.527566 1.472434 0.472434 0.527566 0.000000 0.876878 0.964353 1.775425 0.211680 1.995497 1.863059 0.684553 1.805638 0.224899 0.327666 1.928538 1.674112 1.344377 0.843263 0.317097 1.787050 1.053206 1.387999 1.473240 0.840586
0.650689 1.650689 1.349311 0.349311 0.876878 0.000000 1.841231 1.347697 1.088557 1.118620 1.260064 1.561430 1.317484 0.651979 1.204544 1.051661 1.449010 1.778745 1.720141 0.559781 1.336073 1.930084 1.735123 1.649882 1.717464
1.508080 0.508080 0.491920 1.491920 0.964353 1.841231 0.000000 0.811072 0.752674 1.040149 0.898705 0.279801 0.841285 1.189252 0.636687 1.107108 0.709759 0.380024 0.121090 1.281450 0.822696 0.088852 0.423646 0.508886 0.123767
0.697008 0.302992 1.302992 1.697008 1.775425 1.347697 0.811072 0.000000 1.563746 0.229077 0.087633 1.090873 0.030213 1.999676 1.447759 0.296036 0.101314 0.431049 0.932163 1.907478 0.011624 0.722220 0.387426 0.302186 0.934839
1.739246 1.260754 0.260754 0.739246 0.211680 1.088557 0.752674 1.563746 0.000000 1.792823 1.651379 0.472873 1.593959 0.436578 0.115987 1.859782 1.462432 1.132697 0.631583 0.528776 1.575370 0.841526 1.176320 1.261560 0.628907
0.467931 0.532069 1.532069 1.467931 1.995497 1.118620 1.040149 0.229077 1.792823 0.000000 0.141444 1.319950 0.198864 1.770599 1.676836 0.066959 0.330391 0.660126 1.161240 1.678401 0.217453 0.951297 0.616504 0.531263 1.163917
0.609375 0.390625 1.390625 1.609375 1.863059 1.260064 0.898705 0.087633 1.651379 0.141444 0.000000 1.178506 0.057420 1.912043 1.535392 0.208403 0.188947 0.518682 1.019796 1.819845 0.076009 0.809853 0.475059 0.389819 1.022472
1.787881 0.787881 0.212119 1.212119 0.684553 1.561430 0.279801 1.090873 0.472873 1.319950 1.178506 0.000000 1.121086 0.909451 0.356886 1.386909 0.989559 0.659824 0.158710 1.001649 1.102497 0.368653 0.703446 0.788687 0.156033
0.666795 0.333205 1.333205 1.666795 1.805638 1.317484 0.841285 0.030213 1.593959 0.198864 0.057420 1.121086 0.000000 1.969463 1.477972 0.265823 0.131526 0.461261 0.962375 1.877265 0.018589 0.752432 0.417639 0.332398 0.965052
1.302668 1.697332 0.697332 0.302668 0.224899 0.651979 1.189252 1.999676 0.436578 1.770599 1.912043 0.909451 1.969463 0.000000 0.552565 1.703640 1.899010 1.569275 1.068161 0.092198 1.988052 1.278104 1.612898 1.698138 1.065485
1.855233 1.144767 0.144767 0.855233 0.327666 1.204544 0.636687 1.447759 0.115987 1.676836 1.535392 0.356886 1.477972 0.552565 0.000000 1.743795 1.346445 1.016710 0.515596 0.644763 1.459383 0.725539 1.060333 1.145573 0.512920
0.400972 0.599028 1.599028 1.400972 1.928538 1.051661 1.107108 0.296036 1.859782 0.066959 0.208403 1.386909 0.265823 1.703640 1.743795 0.000000 0.397350 0.727085 1.228199 1.611442 0.284412 1.018256 0.683462 0.598222 1.230875
0.798322 0.201678 1.201678 1.798322 1.674112 1.449010 0.709759 0.101314 1.462432 0.330391 0.188947 0.989559 0.131526 1.899010 1.346445 0.397350 0.000000 0.329735 0.830849 1.991209 0.112938 0.620906 0.286113 0.200872 0.833526
1.128057 0.128057 0.871943 1.871943 1.344377 1.778745 0.380024 0.431049 1.132697 0.660126 0.518682 0.659824 0.461261 1.569275 1.016710 0.727085 0.329735 0.000000 0.501114 1.661474 0.442673 0.291171 0.043622 0.128863 0.503791
1.629171 0.629171 0.370829 1.370829 0.843263 1.720141 0.121090 0.932163 0.631583 1.161240 1.019796 0.158710 0.962375 1.068161 0.515596 1.228199 0.830849 0.501114 0.000000 1.160360 0.943787 0.209943 0.544736 0.629977 0.002677
1.210470 1.789530 0.789530 0.210470 0.317097 0.559781 1.281450 1.907478 0.528776 1.678401 1.819845 1.001649 1.877265 0.092198 0.644763 1.611442 1.991209 1.661474 1.160360 0.000000 1.895854 1.370303 1.705096 1.790336 1.157683
0.685384 0.314616 1.314616 1.685384 1.787050 1.336073 0.822696 0.011624 1.575370 0.217453 0.076009 1.102497 0.018589 1.988052 1.459383 0.284412 0.112938 0.442673 0.943787 1.895854 0.000000 0.733844 0.399050 0.313810 0.946463
1.419228 0.419228 0.580772 1.580772 1.053206 1.930084 0.088852 0.722220 0.841526 0.951297 0.809853 0.368653 0.752432 1.278104 0.725539 1.018256 0.620906 0.291171 0.209943 1.370303 0.733844 0.000000 0.334793 0.420034 0.212620
1.084435 0.084435 0.915565 1.915565 1.387999 1.735123 0.423646 0.387426 1.176320 0.616504 0.475059 0.703446 0.417639 1.612898 1.060333 0.683462 0.286113 0.043622 0.544736 1.705096 0.399050 0.334793 0.000000 0.085241 0.547413
0.999194 0.000806 1.000806 1.999194 1.473240 1.649882 0.508886 0.302186 1.261560 0.531263 0.389819 0.788687 0.332398 1.698138 1.145573 0.598222 0.200872 0.128863 0.629977 1.790336 0.313810 0.420034 0.085241 0.000000 0.632654
1.631848 0.631848 0.368152 1.368152 0.840586 1.717464 0.123767 0.934839 0.628907 1.163917 1.022472 0.156033 0.965052 1.065485 0.512920 1.230875 0.833526 0.503791 0.002677 1.157683 0.946463 0.212620 0.547413 0.632654 0.000000
