50
0.000000 1.000000 2.000000 1.000000 1.285797 0.504918 1.469606 1.473429 0.155218 0.310674 0.069804 1.419307 1.484309 1.159583 0.791816 0.974257 0.911061 0.877058 1.608433 1.185390 1.216663 1.203693 0.648609 0.376824 1.798451 0.867711 1.623770 1.718203 1.777474 0.502766 0.553964 0.793222 0.702951 1.684419 0.654701 0.720548 0.799858 1.528520 1.412633 0.248361 0.926501 1.152009 0.719713 0.464600 0.098126 0.036071 1.170505 0.857316 1.670926 0.130695
1.000000 0.000000 1.000000 2.000000 0.285797 0.495082 0.469606 0.473429 0.844782 1.310674 0.930196 1.580693 1.515691 0.159583 0.208184 1.974257 0.088939 0.122942 0.608433 0.185390 0.216663 0.203693 1.648609 0.623176 0.798451 1.867711 0.623770 1.281797 1.222526 1.502766 1.553964 1.793222 0.297049 0.684419 0.345299 1.720548 1.799858 0.528520 1.587367 0.751639 0.073499 1.847991 1.719713 0.535400 1.098126 1.036071 1.829495 1.857316 1.329074 0.869305
2.000000 1.000000 0.000000 1.000000 0.714203 1.495082 0.530394 0.526571 1.844782 1.689326 1.930196 0.580693 0.515691 0.840417 1.208184 1.025743 1.088939 1.122942 0.391567 0.814610 0.783337 0.796307 1.351391 1.623176 0.201549 1.132289 0.376230 0.281797 0.222526 1.497234 1.446036 1.206778 1.297049 0.315581 1.345299 1.279452 1.200142 0.471480 0.587367 1.751639 1.073499 0.847991 1.280287 1.535400 1.901874 1.963929 0.829495 1.142684 0.329074 1.869305
1.000000 2.000000 1.000000 0.000000 1.714203 1.504918 1.530394 1.526571 1.155218 0.689326 1.069804 0.419307 0.484309 1.840417 1.791816 0.025743 1.911061 1.877058 1.391567 1.814610 1.783337 1.796307 0.351391 1.376824 1.201549 0.132289 1.376230 0.718203 0.777474 0.497234 0.446036 0.206778 1.702951 1.315581 1.654701 0.279452 0.200142 1.471480 0.412633 1.248361 1.926501 0.152009 0.280287 1.464600 0.901874 0.963929 0.170505 0.142684 0.670926 1.130695
1.285797 0.285797 0.714203 1.714203 0.000000 0.780880 0.183809 0.187632 1.130579 1.596471 1.215993 1.294896 1.229894 0.126214 0.493981 1.739946 0.374736 0.408739 0.322636 0.100407 0.069134 0.082105 1.934406 0.908973 0.512654 1.846492 0.337973 0.996000 0.936729 1.788563 1.839761 1.920981 0.582846 0.398622 0.631096 1.993655 1.914345 0.242723 1.301570 1.037436 0.359297 1.562194 1.994490 0.821198 1.383923 1.321868 1.543698 1.856886 1.043276 1.155102
0.504918 0.495082 1.495082 1.504918 0.780880 0.000000 0.964688 0.968512 0.349700 0.815591 0.435114 1.924224 1.989226 0.654665 0.286899 1.479175 0.406143 0.372140 1.103516 0.680472 0.711746 0.698775 1.153527 0.128093 1.293533 1.372628 1.118853 1.776880 1.717608 1.007683 1.058882 1.298139 0.198033 1.179502 0.149783 1.225465 1.304776 1.023603 1.917550 0.256556 0.421583 1.656927 1.224631 0.040318 0.603044 0.540989 1.675422 1.362234 1.824156 0.374222
1.469606 0.469606 0.530394 1.530394 0.183809 0.964688 0.000000 0.003823 1.314388 1.780280 1.399802 1.111087 1.046085 0.310023 0.677790 1.556137 0.558545 0.592548 0.138827 0.284216 0.252943 0.265914 1.881785 1.092782 0.328845 1.662683 0.154164 0.812191 0.752920 1.972372 1.976430 1.737172 0.766655 0.214813 0.814905 1.809846 1.730536 0.058914 1.117761 1.221245 0.543106 1.378385 1.810681 1.005007 1.567732 1.505677 1.359889 1.673077 0.859467 1.338911
1.473429 0.473429 0.526571 1.526571 0.187632 0.968512 0.003823 0.000000 1.318211 1.784103 1.403626 1.107264 1.042262 0.313846 0.681613 1.552313 0.562369 0.596372 0.135004 0.288040 0.256766 0.269737 1.877961 1.096605 0.325021 1.658860 0.150341 0.808368 0.749097 1.976195 1.972606 1.733349 0.770479 0.210990 0.818728 1.806023 1.726713 0.055091 1.113938 1.225068 0.546929 1.374561 1.806857 1.008830 1.571556 1.509501 1.356066 1.669254 0.855644 1.342734
0.155218 0.844782 1.844782 1.155218 1.130579 0.349700 1.314388 1.318211 0.000000 0.465892 0.085414 1.574525 1.639527 1.004365 0.636598 1.129475 0.755843 0.721840 1.453215 1.030172 1.061445 1.048474 0.803827 0.221606 1.643233 1.022929 1.468552 1.873421 1.932692 0.657984 0.709182 0.948440 0.547733 1.529201 0.499483 0.875766 0.955076 1.373302 1.567851 0.093143 0.771282 1.307227 0.874931 0.309381 0.253344 0.191289 1.325723 1.012534 1.826144 0.024523
0.310674 1.310674 1.689326 0.689326 1.596471 0.815591 1.780280 1.784103 0.465892 0.000000 0.380477 1.108633 1.173635 1.470257 1.102490 0.663584 1.221735 1.187731 1.919107 1.496064 1.527337 1.514366 0.337935 0.687498 1.890876 0.557037 1.934444 1.407529 1.466800 0.192092 0.243290 0.482548 1.013624 1.995093 0.965375 0.409874 0.489184 1.839194 1.101959 0.559035 1.237174 0.841335 0.409039 0.775273 0.212547 0.274603 0.859831 0.546643 1.360253 0.441369
0.069804 0.930196 1.930196 1.069804 1.215993 0.435114 1.399802 1.403626 0.085414 0.380477 0.000000 1.489110 1.554112 1.089779 0.722013 1.044061 0.841257 0.807254 1.538630 1.115586 1.146860 1.133889 0.718413 0.307021 1.728647 0.937514 1.553967 1.788006 1.847278 0.572569 0.623768 0.863025 0.633147 1.614615 0.584897 0.790352 0.869662 1.458717 1.482436 0.178558 0.856697 1.221813 0.789517 0.394796 0.167930 0.105875 1.240308 0.927120 1.740730 0.060892
1.419307 1.580693 0.580693 0.419307 1.294896 1.924224 1.111087 1.107264 1.574525 1.108633 1.489110 0.000000 0.065002 1.421110 1.788877 0.445049 1.669632 1.703636 0.972260 1.395303 1.364030 1.377001 0.770698 1.796131 0.782243 0.551596 0.956923 0.298896 0.358167 0.916541 0.865343 0.626085 1.877743 0.896274 1.925992 0.698759 0.619449 1.052173 0.006674 1.667668 1.654193 0.267298 0.699593 1.883906 1.321180 1.383236 0.248802 0.561990 0.251620 1.550002
1.484309 1.515691 0.515691 0.484309 1.229894 1.989226 1.046085 1.042262 1.639527 1.173635 1.554112 0.065002 0.000000 1.356108 1.723875 0.510051 1.604630 1.638634 0.907258 1.330301 1.299028 1.311999 0.835700 1.861133 0.717241 0.616598 0.891921 0.233894 0.293165 0.981543 0.930345 0.691087 1.812741 0.831272 1.860990 0.763761 0.684451 0.987171 0.071676 1.732670 1.589191 0.332300 0.764595 1.948908 1.386182 1.448238 0.313804 0.626992 0.186618 1.615004
1.159583 0.159583 0.840417 1.840417 0.126214 0.654665 0.310023 0.313846 1.004365 1.470257 1.089779 1.421110 1.356108 0.000000 0.367767 1.866160 0.248522 0.282525 0.448850 0.025807 0.057080 0.044109 1.808192 0.782759 0.638868 1.972706 0.464187 1.122214 1.062943 1.662349 1.713547 1.952805 0.456632 0.524836 0.504882 1.880131 1.959441 0.368937 1.427784 0.911222 0.233083 1.688408 1.879296 0.694984 1.257709 1.195654 1.669912 1.983101 1.169490 1.028888
0.791816 0.208184 1.208184 1.791816 0.493981 0.286899 0.677790 0.681613 0.636598 1.102490 0.722013 1.788877 1.723875 0.367767 0.000000 1.766073 0.119245 0.085242 0.816617 0.393574 0.424847 0.411876 1.440425 0.414992 1.006634 1.659527 0.831954 1.489981 1.430710 1.294582 1.345780 1.585038 0.088865 0.892603 0.137115 1.512364 1.591674 0.736704 1.795551 0.543455 0.134684 1.943825 1.511529 0.327217 0.889942 0.827887 1.962321 1.649133 1.537257 0.661121
0.974257 1.974257 1.025743 0.025743 1.739946 1.479175 1.556137 1.552313 1.129475 0.663584 1.044061 0.445049 0.510051 1.866160 1.766073 0.000000 1.885318 1.851315 1.417310 1.840353 1.809079 1.822050 0.325648 1.351082 1.227292 0.106547 1.401972 0.743945 0.803217 0.471492 0.420293 0.181035 1.677208 1.341324 1.628958 0.253709 0.174399 1.497222 0.438375 1.222618 1.900758 0.177752 0.254544 1.438857 0.876131 0.938186 0.196247 0.116941 0.696669 1.104952
0.911061 0.088939 1.088939 1.911061 0.374736 0.406143 0.558545 0.562369 0.755843 1.221735 0.841257 1.669632 1.604630 0.248522 0.119245 1.885318 0.000000 0.034003 0.697372 0.274329 0.305602 0.292632 1.559670 0.534237 0.887390 1.778772 0.712709 1.370736 1.311465 1.413827 1.465025 1.704283 0.208110 0.773358 0.256360 1.631609 1.710919 0.617459 1.676306 0.662700 0.015440 1.936930 1.630774 0.446461 1.009187 0.947132 1.918434 1.768377 1.418013 0.780366
0.877058 0.122942 1.122942 1.877058 0.408739 0.372140 0.592548 0.596372 0.721840 1.187731 0.807254 1.703636 1.638634 0.282525 0.085242 1.851315 0.034003 0.000000 0.731376 0.308332 0.339606 0.326635 1.525667 0.500233 0.921393 1.744768 0.746713 1.404740 1.345468 1.379823 1.431022 1.670280 0.174107 0.807361 0.222357 1.597606 1.676916 0.651463 1.710310 0.628697 0.049443 1.970933 1.596771 0.412458 0.975184 0.913129 1.952438 1.734374 1.452016 0.746363
1.608433 0.608433 0.391567 1.391567 0.322636 1.103516 0.138827 0.135004 1.453215 1.919107 1.538630 0.972260 0.907258 0.448850 0.816617 1.417310 0.697372 0.731376 0.000000 0.423043 0.391770 0.404741 1.742958 1.231609 0.190017 1.523856 0.015337 0.673364 0.614093 1.888801 1.837603 1.598345 0.905483 0.075986 0.953732 1.671019 1.591709 0.079913 0.978934 1.360072 0.681933 1.239558 1.671854 1.143834 1.706559 1.644504 1.221062 1.534250 0.720640 1.477738
1.185390 0.185390 0.814610 1.814610 0.100407 0.680472 0.284216 0.288040 1.030172 1.496064 1.115586 1.395303 1.330301 0.025807 0.393574 1.840353 0.274329 0.308332 0.423043 0.000000 0.031273 0.018303 1.833999 0.808566 0.613061 1.946899 0.438380 1.096407 1.037136 1.688156 1.739354 1.978612 0.482439 0.499029 0.530689 1.905938 1.985248 0.343130 1.401977 0.937029 0.258889 1.662601 1.905103 0.720790 1.283516 1.221461 1.644105 1.957294 1.143684 1.054695
1.216663 0.216663 0.783337 1.783337 0.069134 0.711746 0.252943 0.256766 1.061445 1.527337 1.146860 1.364030 1.299028 0.057080 0.424847 1.809079 0.305602 0.339606 0.391770 0.031273 0.000000 0.012971 1.865272 0.839839 0.581787 1.915626 0.407107 1.065134 1.005863 1.719429 1.770628 1.990115 0.513713 0.467756 0.561962 1.937211 1.983479 0.311857 1.370704 0.968302 0.290163 1.631327 1.936377 0.752064 1.314790 1.252735 1.612832 1.926020 1.112410 1.085968
1.203693 0.203693 0.796307 1.796307 0.082105 0.698775 0.265914 0.269737 1.048474 1.514366 1.133889 1.377001 1.311999 0.044109 0.411876 1.822050 0.292632 0.326635 0.404741 0.018303 0.012971 0.000000 1.852302 0.826868 0.594758 1.928597 0.420078 1.078105 1.018833 1.706458 1.757657 1.996914 0.500742 0.480727 0.548991 1.924240 1.996450 0.324828 1.383675 0.955331 0.277192 1.644298 1.923406 0.739093 1.301819 1.239764 1.625803 1.938991 1.125381 1.072997
0.648609 1.648609 1.351391 0.351391 1.934406 1.153527 1.881785 1.877961 0.803827 0.337935 0.718413 0.770698 0.835700 1.808192 1.440425 0.325648 1.559670 1.525667 1.742958 1.833999 1.865272 1.852302 0.000000 1.025434 1.552940 0.219102 1.727621 1.069594 1.128865 0.145843 0.094645 0.144613 1.351560 1.666972 1.303310 0.071939 0.151249 1.822871 0.764024 0.896970 1.575110 0.503400 0.071104 1.113209 0.550483 0.612538 0.521896 0.208707 1.022317 0.779304
0.376824 0.623176 1.623176 1.376824 0.908973 0.128093 1.092782 1.096605 0.221606 0.687498 0.307021 1.796131 1.861133 0.782759 0.414992 1.351082 0.534237 0.500233 1.231609 0.808566 0.839839 0.826868 1.025434 0.000000 1.421626 1.244535 1.246946 1.904973 1.845702 0.879590 0.930789 1.170046 0.326126 1.307595 0.277877 1.097372 1.176682 1.151696 1.789457 0.128463 0.549676 1.528834 1.096538 0.087775 0.474951 0.412896 1.547329 1.234141 1.952249 0.246129
1.798451 0.798451 0.201549 1.201549 0.512654 1.293533 0.328845 0.325021 1.643233 1.890876 1.728647 0.782243 0.717241 0.638868 1.006634 1.227292 0.887390 0.921393 0.190017 0.613061 0.581787 0.594758 1.552940 1.421626 0.000000 1.333839 0.174680 0.483347 0.424075 1.698784 1.647585 1.408327 1.095500 0.114032 1.143750 1.481001 1.401691 0.269930 0.788917 1.550090 0.871950 1.049540 1.481836 1.333851 1.896577 1.834522 1.031045 1.344233 0.530623 1.667756
0.867711 1.867711 1.132289 0.132289 1.846492 1.372628 1.662683 1.658860 1.022929 0.557037 0.937514 0.551596 0.616598 1.972706 1.659527 0.106547 1.778772 1.744768 1.523856 1.946899 1.915626 1.928597 0.219102 1.244535 1.333839 0.000000 1.508519 0.850492 0.909763 0.364945 0.313747 0.074489 1.570661 1.447870 1.522412 0.147163 0.067853 1.603769 0.544922 1.116072 1.794211 0.284298 0.147998 1.332310 0.769584 0.831640 0.302794 0.010394 0.803216 0.998406
1.623770 0.623770 0.376230 1.376230 0.337973 1.118853 0.154164 0.150341 1.468552 1.934444 1.553967 0.956923 0.891921 0.464187 0.831954 1.401972 0.712709 0.746713 0.015337 0.438380 0.407107 0.420078 1.727621 1.246946 0.174680 1.508519 0.000000 0.658027 0.598756 1.873464 1.822265 1.583008 0.920820 0.060649 0.969069 1.655682 1.576372 0.095250 0.963597 1.375409 0.697270 1.224220 1.656516 1.159171 1.721897 1.659842 1.205725 1.518913 0.705303 1.493075
1.718203 1.281797 0.281797 0.718203 0.996000 1.776880 0.812191 0.808368 1.873421 1.407529 1.788006 0.298896 0.233894 1.122214 1.489981 0.743945 1.370736 1.404740 0.673364 1.096407 1.065134 1.078105 1.069594 1.904973 0.483347 0.850492 0.658027 0.000000 0.059271 1.215437 1.164239 0.924981 1.578847 0.597378 1.627096 0.997655 0.918345 0.753277 0.305570 1.966564 1.355297 0.566194 0.998489 1.817198 1.620076 1.682132 0.547698 0.860886 0.047276 1.848898
1.777474 1.222526 0.222526 0.777474 0.936729 1.717608 0.752920 0.749097 1.932692 1.466800 1.847278 0.358167 0.293165 1.062943 1.430710 0.803217 1.311465 1.345468 0.614093 1.037136 1.005863 1.018833 1.128865 1.845702 0.424075 0.909763 0.598756 0.059271 0.000000 1.274708 1.223510 0.984252 1.519575 0.538107 1.567825 1.056926 0.977616 0.694006 0.364841 1.974165 1.296025 0.625465 1.057761 1.757926 1.679348 1.741403 0.606969 0.920158 0.106548 1.908169
0.502766 1.502766 1.497234 0.497234 1.788563 1.007683 1.972372 1.976195 0.657984 0.192092 0.572569 0.916541 0.981543 1.662349 1.294582 0.471492 1.413827 1.379823 1.888801 1.688156 1.719429 1.706458 0.145843 0.879590 1.698784 0.364945 1.873464 1.215437 1.274708 0.000000 0.051198 0.290456 1.205716 1.812815 1.157467 0.217782 0.297092 1.968714 0.909867 0.751127 1.429266 0.649243 0.216948 0.967365 0.404639 0.466695 0.667739 0.354551 1.168161 0.633461
0.553964 1.553964 1.446036 0.446036 1.839761 1.058882 1.976430 1.972606 0.709182 0.243290 0.623768 0.865343 0.930345 1.713547 1.345780 0.420293 1.465025 1.431022 1.837603 1.739354 1.770628 1.757657 0.094645 0.930789 1.647585 0.313747 1.822265 1.164239 1.223510 0.051198 0.000000 0.239258 1.256915 1.761617 1.208665 0.166584 0.245894 1.917516 0.858669 0.802325 1.480465 0.598045 0.165749 1.018564 0.455838 0.517893 0.616541 0.303352 1.116962 0.684659
0.793222 1.793222 1.206778 0.206778 1.920981 1.298139 1.737172 1.733349 0.948440 0.482548 0.863025 0.626085 0.691087 1.952805 1.585038 0.181035 1.704283 1.670280 1.598345 1.978612 1.990115 1.996914 0.144613 1.170046 1.408327 0.074489 1.583008 0.924981 0.984252 0.290456 0.239258 0.000000 1.496173 1.522359 1.447923 0.072674 0.006636 1.678258 0.619411 1.041583 1.719722 0.358787 0.073509 1.257821 0.695096 0.757151 0.377283 0.064095 0.877705 0.923917
0.702951 0.297049 1.297049 1.702951 0.582846 0.198033 0.766655 0.770479 0.547733 1.013624 0.633147 1.877743 1.812741 0.456632 0.088865 1.677208 0.208110 0.174107 0.905483 0.482439 0.513713 0.500742 1.351560 0.326126 1.095500 1.570661 0.920820 1.578847 1.519575 1.205716 1.256915 1.496173 0.000000 0.981468 0.048250 1.423499 1.502809 0.825570 1.884417 0.454590 0.223550 1.854960 1.422664 0.238351 0.801077 0.739022 1.873455 1.560267 1.626123 0.572256
1.684419 0.684419 0.315581 1.315581 0.398622 1.179502 0.214813 0.210990 1.529201 1.995093 1.614615 0.896274 0.831272 0.524836 0.892603 1.341324 0.773358 0.807361 0.075986 0.499029 0.467756 0.480727 1.666972 1.307595 0.114032 1.447870 0.060649 0.597378 0.538107 1.812815 1.761617 1.522359 0.981468 0.000000 1.029718 1.595033 1.515723 0.155899 0.902948 1.436058 0.757919 1.163572 1.595868 1.219820 1.782545 1.720490 1.145076 1.458264 0.644654 1.553724
0.654701 0.345299 1.345299 1.654701 0.631096 0.149783 0.814905 0.818728 0.499483 0.965375 0.584897 1.925992 1.860990 0.504882 0.137115 1.628958 0.256360 0.222357 0.953732 0.530689 0.561962 0.548991 1.303310 0.277877 1.143750 1.522412 0.969069 1.627096 1.567825 1.157467 1.208665 1.447923 0.048250 1.029718 0.000000 1.375249 1.454559 0.873819 1.932666 0.406340 0.271799 1.806710 1.374414 0.190102 0.752827 0.690772 1.825206 1.512017 1.674372 0.524006
0.720548 1.720548 1.279452 0.279452 1.993655 1.225465 1.809846 1.806023 0.875766 0.409874 0.790352 0.698759 0.763761 1.880131 1.512364 0.253709 1.631609 1.597606 1.671019 1.905938 1.937211 1.924240 0.071939 1.097372 1.481001 0.147163 1.655682 0.997655 1.056926 0.217782 0.166584 0.072674 1.423499 1.595033 1.375249 0.000000 0.079310 1.750932 0.692085 0.968909 1.647048 0.431461 0.000835 1.185147 0.622422 0.684477 0.449957 0.136769 0.950379 0.851243
0.799858 1.799858 1.200142 0.200142 1.914345 1.304776 1.730536 1.726713 0.955076 0.489184 0.869662 0.619449 0.684451 1.959441 1.591674 0.174399 1.710919 1.676916 1.591709 1.985248 1.983479 1.996450 0.151249 1.176682 1.401691 0.067853 1.576372 0.918345 0.977616 0.297092 0.245894 0.006636 1.502809 1.515723 1.454559 0.079310 0.000000 1.671622 0.612775 1.048219 1.726358 0.352151 0.080145 1.264457 0.701732 0.763787 0.370647 0.057458 0.871069 0.930553
1.528520 0.528520 0.471480 1.471480 0.242723 1.023603 0.058914 0.055091 1.373302 1.839194 1.458717 1.052173 0.987171 0.368937 0.736704 1.497222 0.617459 0.651463 0.079913 0.343130 0.311857 0.324828 1.822871 1.151696 0.269930 1.603769 0.095250 0.753277 0.694006 1.968714 1.917516 1.678258 0.825570 0.155899 0.873819 1.750932 1.671622 0.000000 1.058847 1.280159 0.602020 1.319471 1.751766 1.063921 1.626647 1.564591 1.300975 1.614163 0.800553 1.397825
1.412633 1.587367 0.587367 0.412633 1.301570 1.917550 1.117761 1.113938 1.567851 1.101959 1.482436 0.006674 0.071676 1.427784 1.795551 0.438375 1.676306 1.710310 0.978934 1.401977 1.370704 1.383675 0.764024 1.789457 0.788917 0.544922 0.963597 0.305570 0.364841 0.909867 0.858669 0.619411 1.884417 0.902948 1.932666 0.692085 0.612775 1.058847 0.000000 1.660994 1.660867 0.260624 0.692919 1.877232 1.314506 1.376562 0.242128 0.555316 0.258294 1.543328
0.248361 0.751639 1.751639 1.248361 1.037436 0.256556 1.221245 1.225068 0.093143 0.559035 0.178558 1.667668 1.732670 0.911222 0.543455 1.222618 0.662700 0.628697 1.360072 0.937029 0.968302 0.955331 0.896970 0.128463 1.550090 1.116072 1.375409 1.966564 1.974165 0.751127 0.802325 1.041583 0.454590 1.436058 0.406340 0.968909 1.048219 1.280159 1.660994 0.000000 0.678139 1.400370 0.968074 0.216238 0.346487 0.284432 1.418866 1.105678 1.919288 0.117666
0.926501 0.073499 1.073499 1.926501 0.359297 0.421583 0.543106 0.546929 0.771282 1.237174 0.856697 1.654193 1.589191 0.233083 0.134684 1.900758 0.015440 0.049443 0.681933 0.258889 0.290163 0.277192 1.575110 0.549676 0.871950 1.794211 0.697270 1.355297 1.296025 1.429266 1.480465 1.719722 0.223550 0.757919 0.271799 1.647048 1.726358 0.602020 1.660867 0.678139 0.000000 1.921490 1.646214 0.461901 1.024627 0.962572 1.902995 1.783817 1.402573 0.795805
1.152009 1.847991 0.847991 0.152009 1.562194 1.656927 1.378385 1.374561 1.307227 0.841335 1.221813 0.267298 0.332300 1.688408 1.943825 0.177752 1.936930 1.970933 1.239558 1.662601 1.631327 1.644298 0.503400 1.528834 1.049540 0.284298 1.224220 0.566194 0.625465 0.649243 0.598045 0.358787 1.854960 1.163572 1.806710 0.431461 0.352151 1.319471 0.260624 1.400370 1.921490 0.000000 0.432296 1.616609 1.053883 1.115938 0.018496 0.294693 0.518917 1.282704
0.719713 1.719713 1.280287 0.280287 1.994490 1.224631 1.810681 1.806857 0.874931 0.409039 0.789517 0.699593 0.764595 1.879296 1.511529 0.254544 1.630774 1.596771 1.671854 1.905103 1.936377 1.923406 0.071104 1.096538 1.481836 0.147998 1.656516 0.998489 1.057761 0.216948 0.165749 0.073509 1.422664 1.595868 1.374414 0.000835 0.080145 1.751766 0.692919 0.968074 1.646214 0.432296 0.000000 1.184313 0.621587 0.683642 0.450791 0.137603 0.951213 0.850408
0.464600 0.535400 1.535400 1.464600 0.821198 0.040318 1.005007 1.008830 0.309381 0.775273 0.394796 1.883906 1.948908 0.694984 0.327217 1.438857 0.446461 0.412458 1.143834 0.720790 0.752064 0.739093 1.113209 0.087775 1.333851 1.332310 1.159171 1.817198 1.757926 0.967365 1.018564 1.257821 0.238351 1.219820 0.190102 1.185147 1.264457 1.063921 1.877232 0.216238 0.461901 1.616609 1.184313 0.000000 0.562726 0.500671 1.635104 1.321916 1.864474 0.333904
0.098126 1.098126 1.901874 0.901874 1.383923 0.603044 1.567732 1.571556 0.253344 0.212547 0.167930 1.321180 1.386182 1.257709 0.889942 0.876131 1.009187 0.975184 1.706559 1.283516 1.314790 1.301819 0.550483 0.474951 1.896577 0.769584 1.721897 1.620076 1.679348 0.404639 0.455838 0.695096 0.801077 1.782545 0.752827 0.622422 0.701732 1.626647 1.314506 0.346487 1.024627 1.053883 0.621587 0.562726 0.000000 0.062055 1.072378 0.759190 1.572800 0.228821
0.036071 1.036071 1.963929 0.963929 1.321868 0.540989 1.505677 1.509501 0.191289 0.274603 0.105875 1.383236 1.448238 1.195654 0.827887 0.938186 0.947132 0.913129 1.644504 1.221461 1.252735 1.239764 0.612538 0.412896 1.834522 0.831640 1.659842 1.682132 1.741403 0.466695 0.517893 0.757151 0.739022 1.720490 0.690772 0.684477 0.763787 1.564591 1.376562 0.284432 0.962572 1.115938 0.683642 0.500671 0.062055 0.000000 1.134434 0.821245 1.634855 0.166766
1.170505 1.829495 0.829495 0.170505 1.543698 1.675422 1.359889 1.356066 1.325723 0.859831 1.240308 0.248802 0.313804 1.669912 1.962321 0.196247 1.918434 1.952438 1.221062 1.644105 1.612832 1.625803 0.521896 1.547329 1.031045 0.302794 1.205725 0.547698 0.606969 0.667739 0.616541 0.377283 1.873455 1.145076 1.825206 0.449957 0.370647 1.300975 0.242128 1.418866 1.902995 0.018496 0.450791 1.635104 1.072378 1.134434 0.000000 0.313188 0.500422 1.301200
0.857316 1.857316 1.142684 0.142684 1.856886 1.362234 1.673077 1.669254 1.012534 0.546643 0.927120 0.561990 0.626992 1.983101 1.649133 0.116941 1.768377 1.734374 1.534250 1.957294 1.926020 1.938991 0.208707 1.234141 1.344233 0.010394 1.518913 0.860886 0.920158 0.354551 0.303352 0.064095 1.560267 1.458264 1.512017 0.136769 0.057458 1.614163 0.555316 1.105678 1.783817 0.294693 0.137603 1.321916 0.759190 0.821245 0.313188 0.000000 0.813610 0.988012
1.670926 1.329074 0.329074 0.670926 1.043276 1.824156 0.859467 0.855644 1.826144 1.360253 1.740730 0.251620 0.186618 1.169490 1.537257 0.696669 1.418013 1.452016 0.720640 1.143684 1.112410 1.125381 1.022317 1.952249 0.530623 0.803216 0.705303 0.047276 0.106548 1.168161 1.116962 0.877705 1.626123 0.644654 1.674372 0.950379 0.871069 0.800553 0.258294 1.919288 1.402573 0.518917 0.951213 1.864474 1.572800 1.634855 0.500422 0.813610 0.000000 1.801622
0.130695 0.869305 1.869305 1.130695 1.155102 0.374222 1.338911 1.342734 0.024523 0.441369 0.060892 1.550002 1.615004 1.028888 0.661121 1.104952 0.780366 0.746363 1.477738 1.054695 1.085968 1.072997 0.779304 0.246129 1.667756 0.998406 1.493075 1.848898 1.908169 0.633461 0.684659 0.923917 0.572256 1.553724 0.524006 0.851243 0.930553 1.397825 1.543328 0.117666 0.795805 1.282704 0.850408 0.333904 0.228821 0.166766 1.301200 0.988012 1.801622 0.000000
