50
0.000000 1.000000 2.000000 1.000000 0.782982 1.091300 0.176362 0.464427 0.915389 0.082309 0.863359 0.168052 1.017222 0.599300 0.642634 1.446955 1.547746 0.433796 1.545329 0.504039 0.876459 0.102934 1.156914 0.937028 1.024315 0.746687 1.242463 1.941320 1.693016 0.557983 0.752474 0.698321 1.868133 0.446503 1.494282 1.932607 0.727385 1.734525 0.645379 0.463816 1.616646 1.499257 0.652780 0.324493 1.924016 0.806090 1.120223 0.335602 0.405099 1.171020
1.000000 0.000000 1.000000 2.000000 0.217018 0.091300 1.176362 0.535573 0.084611 1.082309 1.863359 1.168052 1.982778 1.599300 0.357366 0.446955 1.452254 1.433796 0.545329 1.504039 0.123541 1.102934 0.156914 1.937028 1.975685 1.746687 1.757537 0.941320 1.306984 1.557983 1.752474 0.301679 1.131867 1.446503 0.494282 0.932607 1.727385 1.265475 1.645379 1.463816 0.616646 0.499257 1.652780 0.675507 1.075984 0.193910 1.879777 0.664398 0.594901 0.171020
2.000000 1.000000 0.000000 1.000000 1.217018 0.908700 1.823638 1.535573 1.084611 1.917691 1.136641 1.831948 0.982778 1.400700 1.357366 0.553045 0.452254 1.566204 0.454671 1.495961 1.123541 1.897066 0.843086 1.062972 0.975685 1.253313 0.757537 0.058680 0.306984 1.442017 1.247526 1.301679 0.131867 1.553497 0.505718 0.067393 1.272615 0.265475 1.354621 1.536184 0.383354 0.500743 1.347220 1.675507 0.075984 1.193910 0.879777 1.664398 1.594901 0.828980
1.000000 2.000000 1.000000 0.000000 1.782982 1.908700 0.823638 1.464427 1.915389 0.917691 0.136641 0.831948 0.017222 0.400700 1.642634 1.553045 0.547746 0.566204 1.454671 0.495961 1.876459 0.897066 1.843086 0.062972 0.024315 0.253313 0.242463 1.058680 0.693016 0.442017 0.247526 1.698321 0.868133 0.553497 1.505718 1.067393 0.272615 0.734525 0.354621 0.536184 1.383354 1.500743 0.347220 1.324493 0.924016 1.806090 0.120223 1.335602 1.405099 1.828980
0.782982 0.217018 1.217018 1.782982 0.000000 0.308318 0.959344 0.318555 0.132407 0.865292 1.646341 0.951035 1.800204 1.382282 0.140348 0.663973 1.669272 1.216778 0.762347 1.287021 0.093477 0.885916 0.373931 1.720010 1.807298 1.529670 1.974555 1.158338 1.524002 1.340966 1.535456 0.084661 1.348884 1.229485 0.711299 1.149625 1.510367 1.482493 1.428361 1.246798 0.833664 0.716275 1.435762 0.458489 1.293001 0.023108 1.903205 0.447380 0.377883 0.388038
1.091300 0.091300 0.908700 1.908700 0.308318 0.000000 1.267662 0.626873 0.175911 1.173610 1.954659 1.259353 1.891478 1.690600 0.448666 0.355654 1.360954 1.525096 0.454029 1.595340 0.214841 1.194234 0.065613 1.971672 1.884384 1.837988 1.666237 0.850020 1.215684 1.649284 1.843774 0.392979 1.040566 1.537803 0.402981 0.841307 1.818685 1.174175 1.736679 1.555116 0.525346 0.407957 1.744080 0.766807 0.984683 0.285210 1.788477 0.755698 0.686201 0.079720
0.176362 1.176362 1.823638 0.823638 0.959344 1.267662 0.000000 0.640789 1.091751 0.094052 0.686997 0.008309 0.840860 0.422938 0.818996 1.623316 1.371384 0.257435 1.721691 0.327678 1.052821 0.073428 1.333275 0.760666 0.847954 0.570326 1.066101 1.882318 1.516654 0.381622 0.576112 0.874683 1.691772 0.270141 1.670643 1.891031 0.551023 1.558163 0.469017 0.287454 1.793008 1.675618 0.476418 0.500855 1.747655 0.982452 0.943861 0.511964 0.581461 1.347382
0.464427 0.535573 1.535573 1.464427 0.318555 0.626873 0.640789 0.000000 0.450962 0.546737 1.327786 0.632480 1.481649 1.063727 0.178207 0.982527 1.987827 0.898223 1.080902 0.968467 0.412032 0.567361 0.692486 1.401455 1.488743 1.211115 1.706890 1.476893 1.842557 1.022411 1.216901 0.233894 1.667439 0.910930 1.029854 1.468180 1.191812 1.801048 1.109806 0.928243 1.152219 1.034829 1.117207 0.139934 1.611556 0.341663 1.584650 0.128825 0.059328 0.706593
0.915389 0.084611 1.084611 1.915389 0.132407 0.175911 1.091751 0.450962 0.000000 0.997698 1.778748 1.083441 1.932611 1.514689 0.272755 0.531566 1.536865 1.349185 0.629940 1.419428 0.038929 1.018323 0.241525 1.852416 1.939704 1.662076 1.842148 1.025931 1.391596 1.473372 1.667862 0.217068 1.216478 1.361892 0.578893 1.017218 1.642774 1.350086 1.560768 1.379204 0.701257 0.583868 1.568168 0.590896 1.160595 0.109298 1.964388 0.579787 0.510289 0.255631
0.082309 1.082309 1.917691 0.917691 0.865292 1.173610 0.094052 0.546737 0.997698 0.000000 0.781049 0.085743 0.934913 0.516990 0.724943 1.529264 1.465437 0.351487 1.627639 0.421730 0.958769 0.020625 1.239223 0.854718 0.942006 0.664378 1.160153 1.976371 1.610706 0.475674 0.670164 0.780630 1.785824 0.364193 1.576591 1.985083 0.645076 1.652216 0.563070 0.381506 1.698955 1.581566 0.570470 0.406802 1.841707 0.888400 1.037913 0.417911 0.487409 1.253329
0.863359 1.863359 1.136641 0.136641 1.646341 1.954659 0.686997 1.327786 1.778748 0.781049 0.000000 0.695306 0.153863 0.264059 1.505993 1.689686 0.684387 0.429563 1.591312 0.359320 1.739818 0.760425 1.979728 0.073669 0.160957 0.116671 0.379104 1.195321 0.829657 0.305375 0.110885 1.561680 1.004775 0.416856 1.642360 1.204034 0.135974 0.871166 0.217980 0.399543 1.519995 1.637384 0.210579 1.187852 1.060658 1.669449 0.256864 1.198961 1.268458 1.965621
0.168052 1.168052 1.831948 0.831948 0.951035 1.259353 0.008309 0.632480 1.083441 0.085743 0.695306 0.000000 0.849169 0.431247 0.810687 1.615007 1.379693 0.265744 1.713382 0.335987 1.044512 0.065118 1.324966 0.768975 0.856263 0.578635 1.074410 1.890628 1.524963 0.389931 0.584421 0.866373 1.700081 0.278450 1.662334 1.899340 0.559332 1.566473 0.477326 0.295763 1.784698 1.667309 0.484727 0.492545 1.755964 0.974143 0.952170 0.503655 0.573152 1.339072
1.017222 1.982778 0.982778 0.017222 1.800204 1.891478 0.840860 1.481649 1.932611 0.934913 0.153863 0.849169 0.000000 0.417922 1.659856 1.535823 0.530524 0.583426 1.437449 0.513183 1.893681 0.914288 1.825865 0.080194 0.007094 0.270535 0.225241 1.041458 0.675794 0.459238 0.264748 1.715543 0.850911 0.570719 1.488496 1.050171 0.289837 0.717303 0.371843 0.553406 1.366132 1.483521 0.364442 1.341715 0.906795 1.823312 0.103001 1.352824 1.422321 1.811758
0.599300 1.599300 1.400700 0.400700 1.382282 1.690600 0.422938 1.063727 1.514689 0.516990 0.264059 0.431247 0.417922 0.000000 1.241934 1.953745 0.948446 0.165504 1.855371 0.095261 1.475759 0.496366 1.756213 0.337728 0.425016 0.147388 0.643163 1.459380 1.093716 0.041316 0.153174 1.297621 1.268834 0.152797 1.906419 1.468093 0.128085 1.135225 0.046079 0.135484 1.784054 1.901443 0.053480 0.923793 1.324717 1.405390 0.520923 0.934902 1.004399 1.770320
0.642634 0.357366 1.357366 1.642634 0.140348 0.448666 0.818996 0.178207 0.272755 0.724943 1.505993 0.810687 1.659856 1.241934 0.000000 0.804321 1.809620 1.076430 0.902695 1.146673 0.233825 0.745568 0.514279 1.579662 1.666950 1.389321 1.885097 1.298686 1.664350 1.200618 1.395108 0.055687 1.489232 1.089137 0.851647 1.289973 1.370019 1.622841 1.288013 1.106450 0.974012 0.856623 1.295414 0.318141 1.433349 0.163456 1.762857 0.307032 0.237535 0.528386
1.446955 0.446955 0.553045 1.553045 0.663973 0.355654 1.623316 0.982527 0.531566 1.529264 1.689686 1.615007 1.535823 1.953745 0.804321 0.000000 1.005299 1.880751 0.098375 1.950994 0.570495 1.549889 0.290041 1.616018 1.528730 1.806358 1.310583 0.494365 0.860030 1.995062 1.800572 0.748634 0.684912 1.893458 0.047327 0.485653 1.825660 0.818520 1.907666 1.910770 0.169691 0.052302 1.900266 1.122462 0.629029 0.640864 1.432822 1.111353 1.041855 0.275935
1.547746 1.452254 0.452254 0.547746 1.669272 1.360954 1.371384 1.987827 1.536865 1.465437 0.684387 1.379693 0.530524 0.948446 1.809620 1.005299 0.000000 1.113950 0.906925 1.043707 1.575795 1.444812 1.295341 0.610718 0.523430 0.801059 0.305283 0.510934 0.145270 0.989762 0.795272 1.753933 0.320387 1.101243 0.957972 0.519647 0.820361 0.186779 0.902367 1.083930 0.835608 0.952997 0.894966 1.872239 0.376271 1.646164 0.427523 1.883348 1.952845 1.281234
0.433796 1.433796 1.566204 0.566204 1.216778 1.525096 0.257435 0.898223 1.349185 0.351487 0.429563 0.265744 0.583426 0.165504 1.076430 1.880751 1.113950 0.000000 1.979125 0.070243 1.310256 0.330862 1.590710 0.503231 0.590519 0.312891 0.808667 1.624884 1.259219 0.124187 0.318677 1.132117 1.434337 0.012707 1.928078 1.633597 0.293589 1.300729 0.211583 0.030019 1.949558 1.933053 0.218983 0.758289 1.490220 1.239887 0.686427 0.769398 0.838896 1.604816
1.545329 0.545329 0.454671 1.454671 0.762347 0.454029 1.721691 1.080902 0.629940 1.627639 1.591312 1.713382 1.437449 1.855371 0.902695 0.098375 0.906925 1.979125 0.000000 1.950631 0.668870 1.648263 0.388416 1.517643 1.430355 1.707983 1.212208 0.395991 0.761655 1.896687 1.702197 0.847008 0.586537 1.991832 0.051048 0.387278 1.727286 0.720146 1.809292 1.990855 0.071317 0.046072 1.801891 1.220836 0.530654 0.739239 1.334448 1.209727 1.140230 0.374309
0.504039 1.504039 1.495961 0.495961 1.287021 1.595340 0.327678 0.968467 1.419428 0.421730 0.359320 0.335987 0.513183 0.095261 1.146673 1.950994 1.043707 0.070243 1.950631 0.000000 1.380499 0.401105 1.660953 0.432988 0.520276 0.242648 0.738423 1.554641 1.188976 0.053944 0.248434 1.202360 1.364094 0.057536 1.998321 1.563353 0.223346 1.230486 0.141340 0.040224 1.879315 1.996704 0.148740 0.828532 1.419977 1.310130 0.616184 0.839641 0.909139 1.675059
0.876459 0.123541 1.123541 1.876459 0.093477 0.214841 1.052821 0.412032 0.038929 0.958769 1.739818 1.044512 1.893681 1.475759 0.233825 0.570495 1.575795 1.310256 0.668870 1.380499 0.000000 0.979393 0.280454 1.813487 1.900775 1.623147 1.881078 1.064861 1.430525 1.434443 1.628933 0.178138 1.255407 1.322962 0.617822 1.056148 1.603844 1.389016 1.521838 1.340275 0.740187 0.622797 1.529239 0.551966 1.199524 0.070369 1.996682 0.540857 0.471360 0.294561
0.102934 1.102934 1.897066 0.897066 0.885916 1.194234 0.073428 0.567361 1.018323 0.020625 0.760425 0.065118 0.914288 0.496366 0.745568 1.549889 1.444812 0.330862 1.648263 0.401105 0.979393 0.000000 1.259848 0.834094 0.921381 0.643753 1.139529 1.955746 1.590082 0.455049 0.649540 0.801255 1.765199 0.343569 1.597216 1.964459 0.624451 1.631591 0.542445 0.360882 1.719580 1.602191 0.549845 0.427427 1.821082 0.909024 1.017289 0.438536 0.508033 1.273954
1.156914 0.156914 0.843086 1.843086 0.373931 0.065613 1.333275 0.692486 0.241525 1.239223 1.979728 1.324966 1.825865 1.756213 0.514279 0.290041 1.295341 1.590710 0.388416 1.660953 0.280454 1.259848 0.000000 1.906059 1.818771 1.903601 1.600624 0.784406 1.150071 1.714897 1.909387 0.458593 0.974953 1.603416 0.337368 0.775694 1.884298 1.108561 1.802292 1.620729 0.459732 0.342343 1.809693 0.832421 0.919070 0.350823 1.722864 0.821311 0.751814 0.014106
0.937028 1.937028 1.062972 0.062972 1.720010 1.971672 0.760666 1.401455 1.852416 0.854718 0.073669 0.768975 0.080194 0.337728 1.579662 1.616018 0.610718 0.503231 1.517643 0.432988 1.813487 0.834094 1.906059 0.000000 0.087288 0.190340 0.305435 1.121652 0.755988 0.379044 0.184554 1.635349 0.931106 0.490525 1.568691 1.130365 0.209643 0.797498 0.291649 0.473212 1.446327 1.563716 0.284248 1.261520 0.986989 1.743118 0.183195 1.272630 1.342127 1.891952
1.024315 1.975685 0.975685 0.024315 1.807298 1.884384 0.847954 1.488743 1.939704 0.942006 0.160957 0.856263 0.007094 0.425016 1.666950 1.528730 0.523430 0.590519 1.430355 0.520276 1.900775 0.921381 1.818771 0.087288 0.000000 0.277628 0.218147 1.034365 0.668700 0.466332 0.271842 1.722636 0.843818 0.577813 1.481403 1.043077 0.296931 0.710210 0.378937 0.560500 1.359039 1.476428 0.371536 1.348808 0.899701 1.830406 0.095907 1.359918 1.429415 1.804664
0.746687 1.746687 1.253313 0.253313 1.529670 1.837988 0.570326 1.211115 1.662076 0.664378 0.116671 0.578635 0.270535 0.147388 1.389321 1.806358 0.801059 0.312891 1.707983 0.242648 1.623147 0.643753 1.903601 0.190340 0.277628 0.000000 0.495775 1.311993 0.946328 0.188704 0.005786 1.445008 1.121446 0.300185 1.759031 1.320705 0.019302 0.987838 0.101308 0.282872 1.636667 1.754056 0.093908 1.071180 1.177329 1.552778 0.373535 1.082289 1.151787 1.917707
1.242463 1.757537 0.757537 0.242463 1.974555 1.666237 1.066101 1.706890 1.842148 1.160153 0.379104 1.074410 0.225241 0.643163 1.885097 1.310583 0.305283 0.808667 1.212208 0.738423 1.881078 1.139529 1.600624 0.305435 0.218147 0.495775 0.000000 0.816217 0.450553 0.684479 0.489989 1.940784 0.625671 0.795960 1.263256 0.824930 0.515078 0.492062 0.597084 0.778647 1.140891 1.258281 0.589683 1.566956 0.681554 1.951447 0.122240 1.578065 1.647562 1.586517
1.941320 0.941320 0.058680 1.058680 1.158338 0.850020 1.882318 1.476893 1.025931 1.976371 1.195321 1.890628 1.041458 1.459380 1.298686 0.494365 0.510934 1.624884 0.395991 1.554641 1.064861 1.955746 0.784406 1.121652 1.034365 1.311993 0.816217 0.000000 0.365664 1.500697 1.306206 1.242999 0.190547 1.612177 0.447038 0.008713 1.331295 0.324155 1.413301 1.594864 0.324674 0.442063 1.405901 1.616827 0.134664 1.135230 0.938457 1.605718 1.536221 0.770300
1.693016 1.306984 0.306984 0.693016 1.524002 1.215684 1.516654 1.842557 1.391596 1.610706 0.829657 1.524963 0.675794 1.093716 1.664350 0.860030 0.145270 1.259219 0.761655 1.188976 1.430525 1.590082 1.150071 0.755988 0.668700 0.946328 0.450553 0.365664 0.000000 1.135032 0.940542 1.608663 0.175118 1.246513 0.812703 0.374377 0.965631 0.041509 1.047637 1.229200 0.690338 0.807728 1.040236 1.982491 0.231001 1.500894 0.572793 1.971382 1.901885 1.135964
0.557983 1.557983 1.442017 0.442017 1.340966 1.649284 0.381622 1.022411 1.473372 0.475674 0.305375 0.389931 0.459238 0.041316 1.200618 1.995062 0.989762 0.124187 1.896687 0.053944 1.434443 0.455049 1.714897 0.379044 0.466332 0.188704 0.684479 1.500697 1.135032 0.000000 0.194490 1.256304 1.310150 0.111481 1.947735 1.509409 0.169402 1.176542 0.087395 0.094168 1.825371 1.942760 0.094796 0.882476 1.366033 1.364074 0.562239 0.893586 0.963083 1.729003
0.752474 1.752474 1.247526 0.247526 1.535456 1.843774 0.576112 1.216901 1.667862 0.670164 0.110885 0.584421 0.264748 0.153174 1.395108 1.800572 0.795272 0.318677 1.702197 0.248434 1.628933 0.649540 1.909387 0.184554 0.271842 0.005786 0.489989 1.306206 0.940542 0.194490 0.000000 1.450795 1.115660 0.305971 1.753245 1.314919 0.025089 0.982052 0.107095 0.288658 1.630881 1.748270 0.099694 1.076967 1.171543 1.558564 0.367749 1.088076 1.157573 1.923494
0.698321 0.301679 1.301679 1.698321 0.084661 0.392979 0.874683 0.233894 0.217068 0.780630 1.561680 0.866373 1.715543 1.297621 0.055687 0.748634 1.753933 1.132117 0.847008 1.202360 0.178138 0.801255 0.458593 1.635349 1.722636 1.445008 1.940784 1.242999 1.608663 1.256304 1.450795 0.000000 1.433546 1.144824 0.795961 1.234286 1.425706 1.567154 1.343700 1.162136 0.918325 0.800936 1.351100 0.373828 1.377663 0.107769 1.818544 0.362719 0.293222 0.472699
1.868133 1.131867 0.131867 0.868133 1.348884 1.040566 1.691772 1.667439 1.216478 1.785824 1.004775 1.700081 0.850911 1.268834 1.489232 0.684912 0.320387 1.434337 0.586537 1.364094 1.255407 1.765199 0.974953 0.931106 0.843818 1.121446 0.625671 0.190547 0.175118 1.310150 1.115660 1.433546 0.000000 1.421631 0.637585 0.199259 1.140748 0.133608 1.222754 1.404318 0.515221 0.632610 1.215354 1.807374 0.055883 1.325776 0.747911 1.796264 1.726767 0.960847
0.446503 1.446503 1.553497 0.553497 1.229485 1.537803 0.270141 0.910930 1.361892 0.364193 0.416856 0.278450 0.570719 0.152797 1.089137 1.893458 1.101243 0.012707 1.991832 0.057536 1.322962 0.343569 1.603416 0.490525 0.577813 0.300185 0.795960 1.612177 1.246513 0.111481 0.305971 1.144824 1.421631 0.000000 1.940784 1.620890 0.280882 1.288022 0.198876 0.017313 1.936851 1.945760 0.206277 0.770996 1.477514 1.252593 0.673720 0.782105 0.851602 1.617523
1.494282 0.494282 0.505718 1.505718 0.711299 0.402981 1.670643 1.029854 0.578893 1.576591 1.642360 1.662334 1.488496 1.906419 0.851647 0.047327 0.957972 1.928078 0.051048 1.998321 0.617822 1.597216 0.337368 1.568691 1.481403 1.759031 1.263256 0.447038 0.812703 1.947735 1.753245 0.795961 0.637585 1.940784 0.000000 0.438326 1.778333 0.771193 1.860340 1.958097 0.122364 0.004975 1.852939 1.169789 0.581702 0.688191 1.385496 1.158679 1.089182 0.323262
1.932607 0.932607 0.067393 1.067393 1.149625 0.841307 1.891031 1.468180 1.017218 1.985083 1.204034 1.899340 1.050171 1.468093 1.289973 0.485653 0.519647 1.633597 0.387278 1.563353 1.056148 1.964459 0.775694 1.130365 1.043077 1.320705 0.824930 0.008713 0.374377 1.509409 1.314919 1.234286 0.199259 1.620890 0.438326 0.000000 1.340008 0.332868 1.422014 1.603577 0.315961 0.433351 1.414613 1.608114 0.143376 1.126517 0.947170 1.597005 1.527508 0.761587
0.727385 1.727385 1.272615 0.272615 1.510367 1.818685 0.551023 1.191812 1.642774 0.645076 0.135974 0.559332 0.289837 0.128085 1.370019 1.825660 0.820361 0.293589 1.727286 0.223346 1.603844 0.624451 1.884298 0.209643 0.296931 0.019302 0.515078 1.331295 0.965631 0.169402 0.025089 1.425706 1.140748 0.280882 1.778333 1.340008 0.000000 1.007140 0.082006 0.263569 1.655969 1.773358 0.074605 1.051878 1.196632 1.533475 0.392838 1.062987 1.132484 1.898405
1.734525 1.265475 0.265475 0.734525 1.482493 1.174175 1.558163 1.801048 1.350086 1.652216 0.871166 1.566473 0.717303 1.135225 1.622841 0.818520 0.186779 1.300729 0.720146 1.230486 1.389016 1.631591 1.108561 0.797498 0.710210 0.987838 0.492062 0.324155 0.041509 1.176542 0.982052 1.567154 0.133608 1.288022 0.771193 0.332868 1.007140 0.000000 1.089146 1.270710 0.648829 0.766218 1.081746 1.940982 0.189491 1.459385 0.614302 1.929873 1.860375 1.094455
0.645379 1.645379 1.354621 0.354621 1.428361 1.736679 0.469017 1.109806 1.560768 0.563070 0.217980 0.477326 0.371843 0.046079 1.288013 1.907666 0.902367 0.211583 1.809292 0.141340 1.521838 0.542445 1.802292 0.291649 0.378937 0.101308 0.597084 1.413301 1.047637 0.087395 0.107095 1.343700 1.222754 0.198876 1.860340 1.422014 0.082006 1.089146 0.000000 0.181563 1.737975 1.855364 0.007401 0.969872 1.278638 1.451469 0.474844 0.980981 1.050478 1.816399
0.463816 1.463816 1.536184 0.536184 1.246798 1.555116 0.287454 0.928243 1.379204 0.381506 0.399543 0.295763 0.553406 0.135484 1.106450 1.910770 1.083930 0.030019 1.990855 0.040224 1.340275 0.360882 1.620729 0.473212 0.560500 0.282872 0.778647 1.594864 1.229200 0.094168 0.288658 1.162136 1.404318 0.017313 1.958097 1.603577 0.263569 1.270710 0.181563 0.000000 1.919539 1.963072 0.188964 0.788308 1.460201 1.269906 0.656407 0.799418 0.868915 1.634836
1.616646 0.616646 0.383354 1.383354 0.833664 0.525346 1.793008 1.152219 0.701257 1.698955 1.519995 1.784698 1.366132 1.784054 0.974012 0.169691 0.835608 1.949558 0.071317 1.879315 0.740187 1.719580 0.459732 1.446327 1.359039 1.636667 1.140891 0.324674 0.690338 1.825371 1.630881 0.918325 0.515221 1.936851 0.122364 0.315961 1.655969 0.648829 1.737975 1.919539 0.000000 0.117389 1.730575 1.292153 0.459338 0.810556 1.263131 1.281044 1.211546 0.445626
1.499257 0.499257 0.500743 1.500743 0.716275 0.407957 1.675618 1.034829 0.583868 1.581566 1.637384 1.667309 1.483521 1.901443 0.856623 0.052302 0.952997 1.933053 0.046072 1.996704 0.622797 1.602191 0.342343 1.563716 1.476428 1.754056 1.258281 0.442063 0.807728 1.942760 1.748270 0.800936 0.632610 1.945760 0.004975 0.433351 1.773358 0.766218 1.855364 1.963072 0.117389 0.000000 1.847964 1.174764 0.576727 0.693166 1.380520 1.163655 1.094157 0.328237
0.652780 1.652780 1.347220 0.347220 1.435762 1.744080 0.476418 1.117207 1.568168 0.570470 0.210579 0.484727 0.364442 0.053480 1.295414 1.900266 0.894966 0.218983 1.801891 0.148740 1.529239 0.549845 1.809693 0.284248 0.371536 0.093908 0.589683 1.405901 1.040236 0.094796 0.099694 1.351100 1.215354 0.206277 1.852939 1.414613 0.074605 1.081746 0.007401 0.188964 1.730575 1.847964 0.000000 0.977272 1.271237 1.458870 0.467443 0.988382 1.057879 1.823800
0.324493 0.675507 1.675507 1.324493 0.458489 0.766807 0.500855 0.139934 0.590896 0.406802 1.187852 0.492545 1.341715 0.923793 0.318141 1.122462 1.872239 0.758289 1.220836 0.828532 0.551966 0.427427 0.832421 1.261520 1.348808 1.071180 1.566956 1.616827 1.982491 0.882476 1.076967 0.373828 1.807374 0.770996 1.169789 1.608114 1.051878 1.940982 0.969872 0.788308 1.292153 1.174764 0.977272 0.000000 1.751491 0.481597 1.444716 0.011109 0.080607 0.846527
1.924016 1.075984 0.075984 0.924016 1.293001 0.984683 1.747655 1.611556 1.160595 1.841707 1.060658 1.755964 0.906795 1.324717 1.433349 0.629029 0.376271 1.490220 0.530654 1.419977 1.199524 1.821082 0.919070 0.986989 0.899701 1.177329 0.681554 0.134664 0.231001 1.366033 1.171543 1.377663 0.055883 1.477514 0.581702 0.143376 1.196632 0.189491 1.278638 1.460201 0.459338 0.576727 1.271237 1.751491 0.000000 1.269893 0.803794 1.740381 1.670884 0.904963
0.806090 0.193910 1.193910 1.806090 0.023108 0.285210 0.982452 0.341663 0.109298 0.888400 1.669449 0.974143 1.823312 1.405390 0.163456 0.640864 1.646164 1.239887 0.739239 1.310130 0.070369 0.909024 0.350823 1.743118 1.830406 1.552778 1.951447 1.135230 1.500894 1.364074 1.558564 0.107769 1.325776 1.252593 0.688191 1.126517 1.533475 1.459385 1.451469 1.269906 0.810556 0.693166 1.458870 0.481597 1.269893 0.000000 1.926313 0.470488 0.400991 0.364930
1.120223 1.879777 0.879777 0.120223 1.903205 1.788477 0.943861 1.584650 1.964388 1.037913 0.256864 0.952170 0.103001 0.520923 1.762857 1.432822 0.427523 0.686427 1.334448 0.616184 1.996682 1.017289 1.722864 0.183195 0.095907 0.373535 0.122240 0.938457 0.572793 0.562239 0.367749 1.818544 0.747911 0.673720 1.385496 0.947170 0.392838 0.614302 0.474844 0.656407 1.263131 1.380520 0.467443 1.444716 0.803794 1.926313 0.000000 1.455825 1.525322 1.708757
0.335602 0.664398 1.664398 1.335602 0.447380 0.755698 0.511964 0.128825 0.579787 0.417911 1.198961 0.503655 1.352824 0.934902 0.307032 1.111353 1.883348 0.769398 1.209727 0.839641 0.540857 0.438536 0.821311 1.272630 1.359918 1.082289 1.578065 1.605718 1.971382 0.893586 1.088076 0.362719 1.796264 0.782105 1.158679 1.597005 1.062987 1.929873 0.980981 0.799418 1.281044 1.163655 0.988382 0.011109 1.740381 0.470488 1.455825 0.000000 0.069497 0.835418
0.405099 0.594901 1.594901 1.405099 0.377883 0.686201 0.581461 0.059328 0.510289 0.487409 1.268458 0.573152 1.422321 1.004399 0.237535 1.041855 1.952845 0.838896 1.140230 0.909139 0.471360 0.508033 0.751814 1.342127 1.429415 1.151787 1.647562 1.536221 1.901885 0.963083 1.157573 0.293222 1.726767 0.851602 1.089182 1.527508 1.132484 1.860375 1.050478 0.868915 1.211546 1.094157 1.057879 0.080607 1.670884 0.400991 1.525322 0.069497 0.000000 0.765921
1.171020 0.171020 0.828980 1.828980 0.388038 0.079720 1.347382 0.706593 0.255631 1.253329 1.965621 1.339072 1.811758 1.770320 0.528386 0.275935 1.281234 1.604816 0.374309 1.675059 0.294561 1.273954 0.014106 1.891952 1.804664 1.917707 1.586517 0.770300 1.135964 1.729003 1.923494 0.472699 0.960847 1.617523 0.323262 0.761587 1.898405 1.094455 1.816399 1.634836 0.445626 0.328237 1.823800 0.846527 0.904963 0.364930 1.708757 0.835418 0.765921 0.000000
