40
0.000000 1.000000 2.000000 1.000000 1.749413 1.445832 1.046837 1.333143 1.972195 0.875497 1.366674 0.626861 0.505720 0.403261 1.070132 1.353318 0.038804 0.864962 0.741672 1.969065 0.824167 1.822399 1.581477 1.434404 1.468678 1.877618 0.035555 1.278839 1.023389 1.343141 1.917428 0.481245 1.389136 1.653986 1.032085 1.600742 1.950672 0.684156 1.501506 1.078056
1.000000 0.000000 1.000000 2.000000 1.250587 1.554168 0.046837 1.666857 0.972195 0.124503 1.633326 0.373139 0.494280 1.403261 0.070132 1.646682 1.038804 0.135038 1.741672 0.969065 1.824167 1.177601 1.418523 1.565596 1.531322 1.122382 1.035555 1.721161 1.976611 0.343141 1.082572 0.518755 1.610864 0.653986 0.032085 1.399258 0.950672 1.684156 1.498494 1.921944
2.000000 1.000000 0.000000 1.000000 0.250587 0.554168 0.953163 0.666857 0.027805 1.124503 0.633326 1.373139 1.494280 1.596739 0.929868 0.646682 1.961196 1.135038 1.258328 0.030935 1.175833 0.177601 0.418523 0.565596 0.531322 0.122382 1.964445 0.721161 0.976611 0.656859 0.082572 1.518755 0.610864 0.346014 0.967915 0.399258 0.049328 1.315844 0.498494 0.921944
1.000000 2.000000 1.000000 0.000000 0.749413 0.445832 1.953163 0.333143 1.027805 1.875497 0.366674 1.626861 1.505720 0.596739 1.929868 0.353318 0.961196 1.864962 0.258328 1.030935 0.175833 0.822399 0.581477 0.434404 0.468678 0.877618 0.964445 0.278839 0.023389 1.656859 0.917428 1.481245 0.389136 1.346014 1.967915 0.600742 1.049328 0.315844 0.501506 0.078056
1.749413 1.250587 0.250587 0.749413 0.000000 0.303581 1.203750 0.416270 0.278392 1.375090 0.382739 1.623726 1.744866 1.346152 1.180454 0.396096 1.710609 1.385625 1.007741 0.281522 0.925246 0.072986 0.167936 0.315009 0.280735 0.128205 1.713859 0.470574 0.726024 0.907446 0.168015 1.769342 0.360278 0.596600 1.218502 0.148672 0.299914 1.065258 0.247907 0.671358
1.445832 1.554168 0.554168 0.445832 0.303581 0.000000 1.507330 0.112689 0.581973 1.678671 0.079158 1.927307 1.951553 1.042571 1.484035 0.092515 1.407029 1.689206 0.704160 0.585103 0.621665 0.376567 0.135645 0.011428 0.022846 0.431786 1.410278 0.166993 0.422443 1.211027 0.471596 1.927078 0.056697 0.900181 1.522083 0.154909 0.603495 0.761677 0.055674 0.367777
1.046837 0.046837 0.953163 1.953163 1.203750 1.507330 0.000000 1.620019 0.925358 0.171341 1.586488 0.419977 0.541117 1.450098 0.023295 1.599845 1.085641 0.181875 1.788509 0.922228 1.871004 1.130763 1.371686 1.518759 1.484484 1.075544 1.082392 1.674324 1.929774 0.296304 1.035735 0.565592 1.564027 0.607149 0.014753 1.352421 0.903835 1.730993 1.451657 1.875107
1.333143 1.666857 0.666857 0.333143 0.416270 0.112689 1.620019 0.000000 0.694662 1.791360 0.033531 1.960004 1.838864 0.929882 1.596724 0.020174 1.294340 1.801895 0.591471 0.697792 0.508976 0.489256 0.248334 0.101261 0.135535 0.544475 1.297589 0.054304 0.309754 1.323716 0.584285 1.814389 0.055992 1.012870 1.634772 0.267598 0.716184 0.648988 0.168363 0.255088
1.972195 0.972195 0.027805 1.027805 0.278392 0.581973 0.925358 0.694662 0.000000 1.096699 0.661130 1.345334 1.466475 1.624544 0.902063 0.674487 1.989001 1.107233 1.286133 0.003130 1.203638 0.205405 0.446328 0.593401 0.559126 0.150186 1.992250 0.748966 1.004416 0.629054 0.110377 1.490950 0.638669 0.318209 0.940111 0.427063 0.021523 1.343649 0.526299 0.949749
0.875497 0.124503 1.124503 1.875497 1.375090 1.678671 0.171341 1.791360 1.096699 0.000000 1.757829 0.248636 0.369776 1.278758 0.194636 1.771186 0.914300 0.010534 1.617169 1.093568 1.699663 1.302104 1.543026 1.690100 1.655825 1.246885 0.911051 1.845664 1.898885 0.467645 1.207075 0.394251 1.735368 0.778490 0.156588 1.523762 1.075176 1.559652 1.622997 1.953552
1.366674 1.633326 0.633326 0.366674 0.382739 0.079158 1.586488 0.033531 0.661130 1.757829 0.000000 1.993535 1.872395 0.963413 1.563193 0.013357 1.327871 1.768363 0.625002 0.664261 0.542508 0.455725 0.214803 0.067729 0.102004 0.510944 1.331120 0.087835 0.343286 1.290185 0.550754 1.847920 0.022461 0.979339 1.601241 0.234067 0.682653 0.682519 0.134832 0.288619
0.626861 0.373139 1.373139 1.626861 1.623726 1.927307 0.419977 1.960004 1.345334 0.248636 1.993535 0.000000 0.121140 1.030122 0.443272 1.980178 0.665664 0.238102 1.368533 1.342204 1.451027 1.550740 1.791662 1.938736 1.904461 1.495521 0.662415 1.905700 1.650249 0.716280 1.455711 0.145615 1.984004 1.027126 0.405224 1.772398 1.323812 1.311016 1.871633 1.704916
0.505720 0.494280 1.494280 1.505720 1.744866 1.951553 0.541117 1.838864 1.466475 0.369776 1.872395 0.121140 0.000000 0.908982 0.564412 1.859038 0.544524 0.359242 1.247393 1.463345 1.329887 1.671880 1.912802 1.940124 1.974399 1.616661 0.541275 1.784560 1.529109 0.837421 1.576851 0.024475 1.894856 1.148266 0.526364 1.893538 1.444952 1.189876 1.992774 1.583776
0.403261 1.403261 1.596739 0.596739 1.346152 1.042571 1.450098 0.929882 1.624544 1.278758 0.963413 1.030122 0.908982 0.000000 1.473394 0.950057 0.364457 1.268223 0.338411 1.627674 0.420906 1.419138 1.178216 1.031143 1.065417 1.474357 0.367706 0.875578 0.620128 1.746402 1.514167 0.884506 0.985875 1.942752 1.435346 1.197480 1.646066 0.280894 1.098245 0.674794
1.070132 0.070132 0.929868 1.929868 1.180454 1.484035 0.023295 1.596724 0.902063 0.194636 1.563193 0.443272 0.564412 1.473394 0.000000 1.576550 1.108936 0.205170 1.811805 0.898933 1.894299 1.107468 1.348390 1.495464 1.461189 1.052249 1.105687 1.651028 1.906479 0.273009 1.012439 0.588887 1.540732 0.583854 0.038048 1.329126 0.880540 1.754288 1.428362 1.851812
1.353318 1.646682 0.646682 0.353318 0.396096 0.092515 1.599845 0.020174 0.674487 1.771186 0.013357 1.980178 1.859038 0.950057 1.576550 0.000000 1.314514 1.781720 0.611646 0.677617 0.529151 0.469082 0.228160 0.081086 0.115361 0.524301 1.317763 0.074478 0.329929 1.303541 0.564111 1.834563 0.035818 0.992696 1.614598 0.247424 0.696010 0.669162 0.148188 0.275262
0.038804 1.038804 1.961196 0.961196 1.710609 1.407029 1.085641 1.294340 1.989001 0.914300 1.327871 0.665664 0.544524 0.364457 1.108936 1.314514 0.000000 0.903766 0.702868 1.992131 0.785363 1.783596 1.542673 1.395600 1.429875 1.838815 0.003249 1.240035 0.984585 1.381945 1.878624 0.520049 1.350332 1.692790 1.070888 1.561938 1.989476 0.645352 1.462702 1.039252
0.864962 0.135038 1.135038 1.864962 1.385625 1.689206 0.181875 1.801895 1.107233 0.010534 1.768363 0.238102 0.359242 1.268223 0.205170 1.781720 0.903766 0.000000 1.606634 1.104103 1.689129 1.312638 1.553561 1.700634 1.666359 1.257419 0.900517 1.856199 1.888351 0.478179 1.217610 0.383717 1.745902 0.789024 0.167122 1.534296 1.085710 1.549118 1.633532 1.943018
0.741672 1.741672 1.258328 0.258328 1.007741 0.704160 1.788509 0.591471 1.286133 1.617169 0.625002 1.368533 1.247393 0.338411 1.811805 0.611646 0.702868 1.606634 0.000000 1.289263 0.082495 1.080727 0.839805 0.692732 0.727006 1.135946 0.706117 0.537167 0.281717 1.915187 1.175756 1.222917 0.647464 1.604341 1.773757 0.859069 1.307655 0.057517 0.759834 0.336383
1.969065 0.969065 0.030935 1.030935 0.281522 0.585103 0.922228 0.697792 0.003130 1.093568 0.664261 1.342204 1.463345 1.627674 0.898933 0.677617 1.992131 1.104103 1.289263 0.000000 1.206768 0.208535 0.449458 0.596531 0.562256 0.153317 1.995380 0.752096 1.007546 0.625924 0.113507 1.487820 0.641799 0.315079 0.936980 0.430193 0.018393 1.346779 0.529429 0.952879
0.824167 1.824167 1.175833 0.175833 0.925246 0.621665 1.871004 0.508976 1.203638 1.699663 0.542508 1.451027 1.329887 0.420906 1.894299 0.529151 0.785363 1.689129 0.082495 1.206768 0.000000 0.998233 0.757310 0.610237 0.644512 1.053452 0.788612 0.454672 0.199222 1.832692 1.093261 1.305412 0.564969 1.521847 1.856251 0.776575 1.225161 0.140011 0.677339 0.253889
1.822399 1.177601 0.177601 0.822399 0.072986 0.376567 1.130763 0.489256 0.205405 1.302104 0.455725 1.550740 1.671880 1.419138 1.107468 0.469082 1.783596 1.312638 1.080727 0.208535 0.998233 0.000000 0.240922 0.387996 0.353721 0.055219 1.786845 0.543560 0.799011 0.834459 0.095029 1.696355 0.433264 0.523614 1.145516 0.221658 0.226928 1.138244 0.320894 0.744344
1.581477 1.418523 0.418523 0.581477 0.167936 0.135645 1.371686 0.248334 0.446328 1.543026 0.214803 1.791662 1.912802 1.178216 1.348390 0.228160 1.542673 1.553561 0.839805 0.449458 0.757310 0.240922 0.000000 0.147073 0.112799 0.296141 1.545923 0.302638 0.558088 1.075382 0.335951 1.937278 0.192341 0.764536 1.386438 0.019264 0.467850 0.897322 0.079971 0.503422
1.434404 1.565596 0.565596 0.434404 0.315009 0.011428 1.518759 0.101261 0.593401 1.690100 0.067729 1.938736 1.940124 1.031143 1.495464 0.081086 1.395600 1.700634 0.692732 0.596531 0.610237 0.387996 0.147073 0.000000 0.034275 0.443215 1.398849 0.155565 0.411015 1.222455 0.483024 1.915649 0.045268 0.911610 1.533512 0.166338 0.614924 0.750248 0.067102 0.356348
1.468678 1.531322 0.531322 0.468678 0.280735 0.022846 1.484484 0.135535 0.559126 1.655825 0.102004 1.904461 1.974399 1.065417 1.461189 0.115361 1.429875 1.666359 0.727006 0.562256 0.644512 0.353721 0.112799 0.034275 0.000000 0.408940 1.433124 0.189839 0.445290 1.188180 0.448750 1.949924 0.079543 0.877335 1.499237 0.132063 0.580649 0.784523 0.032828 0.390623
1.877618 1.122382 0.122382 0.877618 0.128205 0.431786 1.075544 0.544475 0.150186 1.246885 0.510944 1.495521 1.616661 1.474357 1.052249 0.524301 1.838815 1.257419 1.135946 0.153317 1.053452 0.055219 0.296141 0.443215 0.408940 0.000000 1.842064 0.598779 0.854230 0.779240 0.039810 1.641136 0.488483 0.468395 1.090297 0.276877 0.171709 1.193463 0.376112 0.799563
0.035555 1.035555 1.964445 0.964445 1.713859 1.410278 1.082392 1.297589 1.992250 0.911051 1.331120 0.662415 0.541275 0.367706 1.105687 1.317763 0.003249 0.900517 0.706117 1.995380 0.788612 1.786845 1.545923 1.398849 1.433124 1.842064 0.000000 1.243285 0.987834 1.378696 1.881874 0.516800 1.353581 1.689541 1.067639 1.565187 1.986227 0.648601 1.465951 1.042501
1.278839 1.721161 0.721161 0.278839 0.470574 0.166993 1.674324 0.054304 0.748966 1.845664 0.087835 1.905700 1.784560 0.875578 1.651028 0.074478 1.240035 1.856199 0.537167 0.752096 0.454672 0.543560 0.302638 0.155565 0.189839 0.598779 1.243285 0.000000 0.255450 1.378020 0.638589 1.760084 0.110297 1.067174 1.689076 0.321902 0.770488 0.594684 0.222667 0.200784
1.023389 1.976611 0.976611 0.023389 0.726024 0.422443 1.929774 0.309754 1.004416 1.898885 0.343286 1.650249 1.529109 0.620128 1.906479 0.329929 0.984585 1.888351 0.281717 1.007546 0.199222 0.799011 0.558088 0.411015 0.445290 0.854230 0.987834 0.255450 0.000000 1.633470 0.894039 1.504634 0.365747 1.322625 1.944527 0.577353 1.025939 0.339233 0.478117 0.054667
1.343141 0.343141 0.656859 1.656859 0.907446 1.211027 0.296304 1.323716 0.629054 0.467645 1.290185 0.716280 0.837421 1.746402 0.273009 1.303541 1.381945 0.478179 1.915187 0.625924 1.832692 0.834459 1.075382 1.222455 1.188180 0.779240 1.378696 1.378020 1.633470 0.000000 0.739431 0.861896 1.267723 0.310845 0.311057 1.056117 0.607531 1.972703 1.155353 1.578803
1.917428 1.082572 0.082572 0.917428 0.168015 0.471596 1.035735 0.584285 0.110377 1.207075 0.550754 1.455711 1.576851 1.514167 1.012439 0.564111 1.878624 1.217610 1.175756 0.113507 1.093261 0.095029 0.335951 0.483024 0.448750 0.039810 1.881874 0.638589 0.894039 0.739431 0.000000 1.601326 0.528293 0.428585 1.050487 0.316687 0.131899 1.233273 0.415922 0.839373
0.481245 0.518755 1.518755 1.481245 1.769342 1.927078 0.565592 1.814389 1.490950 0.394251 1.847920 0.145615 0.024475 0.884506 0.588887 1.834563 0.520049 0.383717 1.222917 1.487820 1.305412 1.696355 1.937278 1.915649 1.949924 1.641136 0.516800 1.760084 1.504634 0.861896 1.601326 0.000000 1.870381 1.172741 0.550839 1.918013 1.469427 1.165401 1.982751 1.559301
1.389136 1.610864 0.610864 0.389136 0.360278 0.056697 1.564027 0.055992 0.638669 1.735368 0.022461 1.984004 1.894856 0.985875 1.540732 0.035818 1.350332 1.745902 0.647464 0.641799 0.564969 0.433264 0.192341 0.045268 0.079543 0.488483 1.353581 0.110297 0.365747 1.267723 0.528293 1.870381 0.000000 0.956878 1.578780 0.211606 0.660192 0.704980 0.112370 0.311080
1.653986 0.653986 0.346014 1.346014 0.596600 0.900181 0.607149 1.012870 0.318209 0.778490 0.979339 1.027126 1.148266 1.942752 0.583854 0.992696 1.692790 0.789024 1.604341 0.315079 1.521847 0.523614 0.764536 0.911610 0.877335 0.468395 1.689541 1.067174 1.322625 0.310845 0.428585 1.172741 0.956878 0.000000 0.621902 0.745272 0.296686 1.661858 0.844508 1.267958
1.032085 0.032085 0.967915 1.967915 1.218502 1.522083 0.014753 1.634772 0.940111 0.156588 1.601241 0.405224 0.526364 1.435346 0.038048 1.614598 1.070888 0.167122 1.773757 0.936980 1.856251 1.145516 1.386438 1.533512 1.499237 1.090297 1.067639 1.689076 1.944527 0.311057 1.050487 0.550839 1.578780 0.621902 0.000000 1.367174 0.918588 1.716240 1.466409 1.889860
1.600742 1.399258 0.399258 0.600742 0.148672 0.154909 1.352421 0.267598 0.427063 1.523762 0.234067 1.772398 1.893538 1.197480 1.329126 0.247424 1.561938 1.534296 0.859069 0.430193 0.776575 0.221658 0.019264 0.166338 0.132063 0.276877 1.565187 0.321902 0.577353 1.056117 0.316687 1.918013 0.211606 0.745272 1.367174 0.000000 0.448586 0.916586 0.099236 0.522686
1.950672 0.950672 0.049328 1.049328 0.299914 0.603495 0.903835 0.716184 0.021523 1.075176 0.682653 1.323812 1.444952 1.646066 0.880540 0.696010 1.989476 1.085710 1.307655 0.018393 1.225161 0.226928 0.467850 0.614924 0.580649 0.171709 1.986227 0.770488 1.025939 0.607531 0.131899 1.469427 0.660192 0.296686 0.918588 0.448586 0.000000 1.365172 0.547822 0.971272
0.684156 1.684156 1.315844 0.315844 1.065258 0.761677 1.730993 0.648988 1.343649 1.559652 0.682519 1.311016 1.189876 0.280894 1.754288 0.669162 0.645352 1.549118 0.057517 1.346779 0.140011 1.138244 0.897322 0.750248 0.784523 1.193463 0.648601 0.594684 0.339233 1.972703 1.233273 1.165401 0.704980 1.661858 1.716240 0.916586 1.365172 0.000000 0.817350 0.393900
1.501506 1.498494 0.498494 0.501506 0.247907 0.055674 1.451657 0.168363 0.526299 1.622997 0.134832 1.871633 1.992774 1.098245 1.428362 0.148188 1.462702 1.633532 0.759834 0.529429 0.677339 0.320894 0.079971 0.067102 0.032828 0.376112 1.465951 0.222667 0.478117 1.155353 0.415922 1.982751 0.112370 0.844508 1.466409 0.099236 0.547822 0.817350 0.000000 0.423450
1.078056 1.921944 0.921944 0.078056 0.671358 0.367777 1.875107 0.255088 0.949749 1.953552 0.288619 1.704916 1.583776 0.674794 1.851812 0.275262 1.039252 1.943018 0.336383 0.952879 0.253889 0.744344 0.503422 0.356348 0.390623 0.799563 1.042501 0.200784 0.054667 1.578803 0.839373 1.559301 0.311080 1.267958 1.889860 0.522686 0.971272 0.393900 0.423450 0.000000
