20
0.000000 1.000000 2.000000 1.000000 0.389592 1.013772 1.682645 1.352009 1.658005 1.557817 1.049803 0.882683 0.382494 0.068132 0.406642 1.743695 1.131144 1.571481 1.598980 1.791819
1.000000 0.000000 1.000000 2.000000 0.610408 0.013772 1.317355 0.352009 0.658005 1.442183 1.950197 0.117317 0.617506 0.931868 0.593358 0.743695 1.868856 0.571481 1.401020 1.208181
2.000000 1.000000 0.000000 1.000000 1.610408 0.986228 0.317355 0.647991 0.341995 0.442183 0.950197 1.117317 1.617506 1.931868 1.593358 0.256305 0.868856 0.428519 0.401020 0.208181
1.000000 2.000000 1.000000 0.000000 1.389592 1.986228 0.682645 1.647991 1.341995 0.557817 0.049803 1.882683 1.382494 1.068132 1.406642 1.256305 0.131144 1.428519 0.598980 0.791819
0.389592 0.610408 1.610408 1.389592 0.000000 0.624180 1.927763 0.962417 1.268413 1.947409 1.439395 0.493091 0.007099 0.321461 0.017050 1.354102 1.520736 1.181889 1.988573 1.818589
1.013772 0.013772 0.986228 1.986228 0.624180 0.000000 1.303583 0.338237 0.644233 1.428411 1.936425 0.131089 0.631278 0.945641 0.607130 0.729922 1.855084 0.557709 1.387248 1.194409
1.682645 1.317355 0.317355 0.682645 1.927763 1.303583 0.000000 0.965346 0.659349 0.124828 0.632842 1.434672 1.934861 1.750777 1.910713 0.573660 0.551501 0.745874 0.083665 0.109174
1.352009 0.352009 0.647991 1.647991 0.962417 0.338237 0.965346 0.000000 0.305996 1.090174 1.598188 0.469326 0.969516 1.283878 0.945367 0.391685 1.516847 0.219472 1.049011 0.856172
1.658005 0.658005 0.341995 1.341995 1.268413 0.644233 0.659349 0.305996 0.000000 0.784177 1.292192 0.775322 1.275512 1.589874 1.251363 0.085689 1.210851 0.086524 0.743014 0.550175
1.557817 1.442183 0.442183 0.557817 1.947409 1.428411 0.124828 1.090174 0.784177 0.000000 0.508014 1.559500 1.940311 1.625949 1.964459 0.698488 0.426673 0.870702 0.041163 0.234002
1.049803 1.950197 0.950197 0.049803 1.439395 1.936425 0.632842 1.598188 1.292192 0.508014 0.000000 1.932486 1.432297 1.117934 1.456445 1.206502 0.081341 1.378716 0.549177 0.742016
0.882683 0.117317 1.117317 1.882683 0.493091 0.131089 1.434672 0.469326 0.775322 1.559500 1.932486 0.000000 0.500190 0.814552 0.476041 0.861011 1.986173 0.688798 1.518337 1.325498
0.382494 0.617506 1.617506 1.382494 0.007099 0.631278 1.934861 0.969516 1.275512 1.940311 1.432297 0.500190 0.000000 0.314362 0.024149 1.361201 1.513638 1.188988 1.981474 1.825687
0.068132 0.931868 1.931868 1.068132 0.321461 0.945641 1.750777 1.283878 1.589874 1.625949 1.117934 0.814552 0.314362 0.000000 0.338511 1.675563 1.199276 1.503350 1.667112 1.859951
0.406642 0.593358 1.593358 1.406642 0.017050 0.607130 1.910713 0.945367 1.251363 1.964459 1.456445 0.476041 0.024149 0.338511 0.000000 1.337052 1.537786 1.164839 1.994378 1.801539
1.743695 0.743695 0.256305 1.256305 1.354102 0.729922 0.573660 0.391685 0.085689 0.698488 1.206502 0.861011 1.361201 1.675563 1.337052 0.000000 1.125161 0.172213 0.657325 0.464486
1.131144 1.868856 0.868856 0.131144 1.520736 1.855084 0.551501 1.516847 1.210851 0.426673 0.081341 1.986173 1.513638 1.199276 1.537786 1.125161 0.000000 1.297375 0.467836 0.660675
1.571481 0.571481 0.428519 1.428519 1.181889 0.557709 0.745874 0.219472 0.086524 0.870702 1.378716 0.688798 1.188988 1.503350 1.164839 0.172213 1.297375 0.000000 0.829538 0.636700
1.598980 1.401020 0.401020 0.598980 1.988573 1.387248 0.083665 1.049011 0.743014 0.041163 0.549177 1.518337 1.981474 1.667112 1.994378 0.657325 0.467836 0.829538 0.000000 0.192839
1.791819 1.208181 0.208181 0.791819 1.818589 1.194409 0.109174 0.856172 0.550175 0.234002 0.742016 1.325498 1.825687 1.859951 1.801539 0.464486 0.660675 0.636700 0.192839 0.000000
