40
0.000000 1.000000 2.000000 1.000000 0.083939 0.061142 1.333343 0.580812 1.558815 1.412442 0.951026 1.288636 0.652327 0.409990 0.887555 0.250067 0.859297 1.904506 1.692948 0.551165 1.443732 0.681699 1.595626 1.841872 1.915223 1.067262 1.105771 1.233033 0.313787 1.650459 0.694071 1.685199 0.906976 0.931490 1.436755 0.970305 1.407869 0.352881 1.768768 0.685789
1.000000 0.000000 1.000000 2.000000 0.916061 1.061142 1.666657 1.580812 0.558815 0.412442 1.951026 1.711364 0.347673 0.590010 0.112445 1.250067 0.140703 1.095494 0.692948 1.551165 0.443732 1.681699 0.595626 0.841872 1.084777 1.932738 0.105771 1.766967 1.313787 0.650459 1.694071 1.314801 0.093024 1.931490 1.563245 0.029695 1.592131 0.647119 1.231232 0.314211
2.000000 1.000000 0.000000 1.000000 1.916061 1.938858 0.666657 1.419188 0.441185 0.587558 1.048974 0.711364 1.347673 1.590010 1.112445 1.749933 1.140703 0.095494 0.307052 1.448835 0.556268 1.318301 0.404374 0.158128 0.084777 0.932738 0.894229 0.766967 1.686213 0.349541 1.305929 0.314801 1.093024 1.068510 0.563245 1.029695 0.592131 1.647119 0.231232 1.314211
1.000000 2.000000 1.000000 0.000000 1.083939 0.938858 0.333343 0.419188 1.441185 1.587558 0.048974 0.288636 1.652327 1.409990 1.887555 0.749933 1.859297 0.904506 1.307052 0.448835 1.556268 0.318301 1.404374 1.158128 0.915223 0.067262 1.894229 0.233033 0.686213 1.349541 0.305929 0.685199 1.906976 0.068510 0.436755 1.970305 0.407869 1.352881 0.768768 1.685789
0.083939 0.916061 1.916061 1.083939 0.000000 0.145082 1.417282 0.664751 1.474875 1.328503 1.034965 1.372575 0.568388 0.326051 0.803615 0.334007 0.775358 1.988445 1.609009 0.635104 1.359793 0.765638 1.511687 1.757933 1.999162 1.151201 1.021832 1.316973 0.397726 1.566520 0.778011 1.769139 0.823037 1.015430 1.520695 0.886365 1.491809 0.268941 1.852707 0.601850
0.061142 1.061142 1.938858 0.938858 0.145082 0.000000 1.272200 0.519669 1.619957 1.473584 0.889883 1.227493 0.713470 0.471133 0.948697 0.188925 0.920440 1.843363 1.754091 0.490022 1.504875 0.620556 1.656769 1.903014 1.854080 1.006120 1.166913 1.171891 0.252644 1.711602 0.632929 1.624057 0.968118 0.870348 1.375613 1.031447 1.346727 0.414023 1.707626 0.746932
1.333343 1.666657 0.666657 0.333343 1.417282 1.272200 0.000000 0.752531 1.107842 1.254215 0.382317 0.044707 1.985670 1.743333 1.779102 1.083276 1.807360 0.571163 0.973709 0.782178 1.222925 0.651644 1.071031 0.824785 0.581880 0.266081 1.560886 0.100310 1.019556 1.016198 0.639272 0.351856 1.759681 0.401853 0.103412 1.696352 0.074526 1.686224 0.435425 1.980868
0.580812 1.580812 1.419188 0.419188 0.664751 0.519669 0.752531 0.000000 1.860374 1.993253 0.370214 0.707824 1.233139 0.990802 1.468366 0.330744 1.440109 1.323694 1.726240 0.029647 1.975456 0.100887 1.823562 1.577317 1.334411 0.486451 1.686583 0.652222 0.267025 1.768729 0.113260 1.104388 1.487787 0.350679 0.855944 1.551116 0.827058 0.933692 1.187956 1.266601
1.558815 0.558815 0.441185 1.441185 1.474875 1.619957 1.107842 1.860374 0.000000 0.146373 1.490159 1.152550 0.906487 1.148824 0.671260 1.808882 0.699518 0.536679 0.134133 1.890021 0.115082 1.759486 0.036811 0.283057 0.525963 1.373923 0.453044 1.208152 1.872602 0.091644 1.747114 0.755986 0.651839 1.509695 1.004430 0.588510 1.033316 1.205934 0.672417 0.873026
1.412442 0.412442 0.587558 1.587558 1.328503 1.473584 1.254215 1.993253 0.146373 0.000000 1.636532 1.298922 0.760114 1.002451 0.524887 1.662509 0.553145 0.683052 0.280506 1.963606 0.031291 1.905859 0.183184 0.429430 0.672335 1.520296 0.306671 1.354525 1.726229 0.238017 1.893487 0.902359 0.505466 1.656068 1.150803 0.442137 1.179689 1.059561 0.818790 0.726653
0.951026 1.951026 1.048974 0.048974 1.034965 0.889883 0.382317 0.370214 1.490159 1.636532 0.000000 0.337610 1.603353 1.361016 1.838580 0.700959 1.810323 0.953480 1.356026 0.399861 1.605242 0.269327 1.453348 1.207102 0.964197 0.116236 1.943203 0.282008 0.637239 1.398515 0.256954 0.734173 1.858002 0.019536 0.485730 1.921331 0.456843 1.303906 0.817742 1.636815
1.288636 1.711364 0.711364 0.288636 1.372575 1.227493 0.044707 0.707824 1.152550 1.298922 0.337610 0.000000 1.940963 1.698626 1.823810 1.038568 1.852067 0.615870 1.018416 0.737471 1.267632 0.606937 1.115738 0.869492 0.626587 0.221374 1.605593 0.055602 0.974849 1.060905 0.594564 0.396564 1.804388 0.357145 0.148120 1.741060 0.119234 1.641516 0.480132 1.974425
0.652327 0.347673 1.347673 1.652327 0.568388 0.713470 1.985670 1.233139 0.906487 0.760114 1.603353 1.940963 0.000000 0.242337 0.235227 0.902395 0.206970 1.443167 1.040621 1.203492 0.791405 1.334026 0.943299 1.189545 1.432450 1.719589 0.453444 1.885361 0.966114 0.998132 1.346399 1.662473 0.254649 1.583818 1.910917 0.317977 1.939803 0.299447 1.578905 0.033462
0.409990 0.590010 1.590010 1.409990 0.326051 0.471133 1.743333 0.990802 1.148824 1.002451 1.361016 1.698626 0.242337 0.000000 0.477564 0.660058 0.449307 1.685504 1.282958 0.961155 1.033742 1.091689 1.185636 1.431881 1.674787 1.477253 0.695781 1.643024 0.723777 1.240469 1.104062 1.904810 0.496986 1.341481 1.846746 0.560314 1.817860 0.057110 1.821242 0.275799
0.887555 0.112445 1.112445 1.887555 0.803615 0.948697 1.779102 1.468366 0.671260 0.524887 1.838580 1.823810 0.235227 0.477564 0.000000 1.137622 0.028258 1.207939 0.805394 1.438719 0.556178 1.569253 0.708072 0.954317 1.197223 1.954817 0.218216 1.879412 1.201341 0.762904 1.581626 1.427246 0.019421 1.819045 1.675690 0.082750 1.704576 0.534674 1.343677 0.201765
0.250067 1.250067 1.749933 0.749933 0.334007 0.188925 1.083276 0.330744 1.808882 1.662509 0.700959 1.038568 0.902395 0.660058 1.137622 0.000000 1.109364 1.654439 1.943015 0.301097 1.693800 0.431632 1.845693 1.908061 1.665155 0.817195 1.355838 0.982966 0.063720 1.900526 0.444004 1.435132 1.157043 0.681423 1.186688 1.220372 1.157802 0.602948 1.518701 0.935856
0.859297 0.140703 1.140703 1.859297 0.775358 0.920440 1.807360 1.440109 0.699518 0.553145 1.810323 1.852067 0.206970 0.449307 0.028258 1.109364 0.000000 1.236197 0.833651 1.410462 0.584435 1.540996 0.736329 0.982575 1.225480 1.926559 0.246474 1.907669 1.173084 0.791162 1.553369 1.455504 0.047679 1.790787 1.703948 0.111008 1.732834 0.506416 1.371935 0.173508
1.904506 1.095494 0.095494 0.904506 1.988445 1.843363 0.571163 1.323694 0.536679 0.683052 0.953480 0.615870 1.443167 1.685504 1.207939 1.654439 1.236197 0.000000 0.402546 1.353341 0.651762 1.222807 0.499868 0.253622 0.010717 0.837244 0.989723 0.671472 1.590719 0.445035 1.210434 0.219307 1.188518 0.973016 0.467751 1.125189 0.496637 1.742613 0.135738 1.409705
1.692948 0.692948 0.307052 1.307052 1.609009 1.754091 0.973709 1.726240 0.134133 0.280506 1.356026 1.018416 1.040621 1.282958 0.805394 1.943015 0.833651 0.402546 0.000000 1.755887 0.249216 1.625353 0.097322 0.148924 0.391829 1.239790 0.587177 1.074018 1.993265 0.042489 1.612980 0.621853 0.785972 1.375562 0.870296 0.722644 0.899182 1.340068 0.538284 1.007159
0.551165 1.551165 1.448835 0.448835 0.635104 0.490022 0.782178 0.029647 1.890021 1.963606 0.399861 0.737471 1.203492 0.961155 1.438719 0.301097 1.410462 1.353341 1.755887 0.000000 1.994897 0.130534 1.853209 1.606964 1.364058 0.516098 1.656936 0.681869 0.237378 1.798376 0.142907 1.134035 1.458140 0.380326 0.885591 1.521469 0.856705 0.904045 1.217603 1.236954
1.443732 0.443732 0.556268 1.556268 1.359793 1.504875 1.222925 1.975456 0.115082 0.031291 1.605242 1.267632 0.791405 1.033742 0.556178 1.693800 0.584435 0.651762 0.249216 1.994897 0.000000 1.874569 0.151894 0.398139 0.641045 1.489006 0.337961 1.323234 1.757519 0.206727 1.862196 0.871068 0.536756 1.624777 1.119512 0.473428 1.148398 1.090852 0.787500 0.757943
0.681699 1.681699 1.318301 0.318301 0.765638 0.620556 0.651644 0.100887 1.759486 1.905859 0.269327 0.606937 1.334026 1.091689 1.569253 0.431632 1.540996 1.222807 1.625353 0.130534 1.874569 0.000000 1.722675 1.476429 1.233524 0.385563 1.787470 0.551335 0.367912 1.667842 0.012373 1.003500 1.588675 0.249791 0.755057 1.652004 0.726170 1.034579 1.087069 1.367488
1.595626 0.595626 0.404374 1.404374 1.511687 1.656769 1.071031 1.823562 0.036811 0.183184 1.453348 1.115738 0.943299 1.185636 0.708072 1.845693 0.736329 0.499868 0.097322 1.853209 0.151894 1.722675 0.000000 0.246246 0.489151 1.337112 0.489855 1.171340 1.909413 0.054833 1.710302 0.719175 0.688650 1.472884 0.967618 0.625321 0.996505 1.242746 0.635606 0.909837
1.841872 0.841872 0.158128 1.158128 1.757933 1.903014 0.824785 1.577317 0.283057 0.429430 1.207102 0.869492 1.189545 1.431881 0.954317 1.908061 0.982575 0.253622 0.148924 1.606964 0.398139 1.476429 0.246246 0.000000 0.242905 1.090866 0.736101 0.925095 1.844341 0.191413 1.464057 0.472929 0.934896 1.226638 0.721373 0.871567 0.750259 1.488991 0.389360 1.156083
1.915223 1.084777 0.084777 0.915223 1.999162 1.854080 0.581880 1.334411 0.525963 0.672335 0.964197 0.626587 1.432450 1.674787 1.197223 1.665155 1.225480 0.010717 0.391829 1.364058 0.641045 1.233524 0.489151 0.242905 0.000000 0.847961 0.979006 0.682189 1.601436 0.434318 1.221151 0.230023 1.177801 0.983732 0.478467 1.114473 0.507353 1.731897 0.146455 1.398988
1.067262 1.932738 0.932738 0.067262 1.151201 1.006120 0.266081 0.486451 1.373923 1.520296 0.116236 0.221374 1.719589 1.477253 1.954817 0.817195 1.926559 0.837244 1.239790 0.516098 1.489006 0.385563 1.337112 1.090866 0.847961 0.000000 1.826967 0.165771 0.753475 1.282279 0.373191 0.617937 1.974238 0.135772 0.369493 1.962433 0.340607 1.420143 0.701506 1.753051
1.105771 0.105771 0.894229 1.894229 1.021832 1.166913 1.560886 1.686583 0.453044 0.306671 1.943203 1.605593 0.453444 0.695781 0.218216 1.355838 0.246474 0.989723 0.587177 1.656936 0.337961 1.787470 0.489855 0.736101 0.979006 1.826967 0.000000 1.661196 1.419558 0.544688 1.799842 1.209030 0.198795 1.962739 1.457474 0.135466 1.486360 0.752890 1.125461 0.419982
1.233033 1.766967 0.766967 0.233033 1.316973 1.171891 0.100310 0.652222 1.208152 1.354525 0.282008 0.055602 1.885361 1.643024 1.879412 0.982966 1.907669 0.671472 1.074018 0.681869 1.323234 0.551335 1.171340 0.925095 0.682189 0.165771 1.661196 0.000000 0.919247 1.116507 0.538962 0.452166 1.859991 0.301543 0.203722 1.796662 0.174836 1.585914 0.535735 1.918823
0.313787 1.313787 1.686213 0.686213 0.397726 0.252644 1.019556 0.267025 1.872602 1.726229 0.637239 0.974849 0.966114 0.723777 1.201341 0.063720 1.173084 1.590719 1.993265 0.237378 1.757519 0.367912 1.909413 1.844341 1.601436 0.753475 1.419558 0.919247 0.000000 1.964246 0.380285 1.371412 1.220763 0.617703 1.122969 1.284092 1.094082 0.666668 1.454981 0.999576
1.650459 0.650459 0.349541 1.349541 1.566520 1.711602 1.016198 1.768729 0.091644 0.238017 1.398515 1.060905 0.998132 1.240469 0.762904 1.900526 0.791162 0.445035 0.042489 1.798376 0.206727 1.667842 0.054833 0.191413 0.434318 1.282279 0.544688 1.116507 1.964246 0.000000 1.655469 0.664342 0.743483 1.418051 0.912786 0.680154 0.941672 1.297578 0.580773 0.964670
0.694071 1.694071 1.305929 0.305929 0.778011 0.632929 0.639272 0.113260 1.747114 1.893487 0.256954 0.594564 1.346399 1.104062 1.581626 0.444004 1.553369 1.210434 1.612980 0.142907 1.862196 0.012373 1.710302 1.464057 1.221151 0.373191 1.799842 0.538962 0.380285 1.655469 0.000000 0.991128 1.601047 0.237419 0.742684 1.664376 0.713798 1.046952 1.074697 1.379861
1.685199 1.314801 0.314801 0.685199 1.769139 1.624057 0.351856 1.104388 0.755986 0.902359 0.734173 0.396564 1.662473 1.904810 1.427246 1.435132 1.455504 0.219307 0.621853 1.134035 0.871068 1.003500 0.719175 0.472929 0.230023 0.617937 1.209030 0.452166 1.371412 0.664342 0.991128 0.000000 1.407825 0.753709 0.248444 1.344496 0.277330 1.961920 0.083569 1.629012
0.906976 0.093024 1.093024 1.906976 0.823037 0.968118 1.759681 1.487787 0.651839 0.505466 1.858002 1.804388 0.254649 0.496986 0.019421 1.157043 0.047679 1.188518 0.785972 1.458140 0.536756 1.588675 0.688650 0.934896 1.177801 1.974238 0.198795 1.859991 1.220763 0.743483 1.601047 1.407825 0.000000 1.838466 1.656269 0.063329 1.685155 0.554095 1.324256 0.221187
0.931490 1.931490 1.068510 0.068510 1.015430 0.870348 0.401853 0.350679 1.509695 1.656068 0.019536 0.357145 1.583818 1.341481 1.819045 0.681423 1.790787 0.973016 1.375562 0.380326 1.624777 0.249791 1.472884 1.226638 0.983732 0.135772 1.962739 0.301543 0.617703 1.418051 0.237419 0.753709 1.838466 0.000000 0.505265 1.901795 0.476379 1.284371 0.837278 1.617279
1.436755 1.563245 0.563245 0.436755 1.520695 1.375613 0.103412 0.855944 1.004430 1.150803 0.485730 0.148120 1.910917 1.846746 1.675690 1.186688 1.703948 0.467751 0.870296 0.885591 1.119512 0.755057 0.967618 0.721373 0.478467 0.369493 1.457474 0.203722 1.122969 0.912786 0.742684 0.248444 1.656269 0.505265 0.000000 1.592940 0.028886 1.789636 0.332013 1.877455
0.970305 0.029695 1.029695 1.970305 0.886365 1.031447 1.696352 1.551116 0.588510 0.442137 1.921331 1.741060 0.317977 0.560314 0.082750 1.220372 0.111008 1.125189 0.722644 1.521469 0.473428 1.652004 0.625321 0.871567 1.114473 1.962433 0.135466 1.796662 1.284092 0.680154 1.664376 1.344496 0.063329 1.901795 1.592940 0.000000 1.621826 0.617424 1.260927 0.284516
1.407869 1.592131 0.592131 0.407869 1.491809 1.346727 0.074526 0.827058 1.033316 1.179689 0.456843 0.119234 1.939803 1.817860 1.704576 1.157802 1.732834 0.496637 0.899182 0.856705 1.148398 0.726170 0.996505 0.750259 0.507353 0.340607 1.486360 0.174836 1.094082 0.941672 0.713798 0.277330 1.685155 0.476379 0.028886 1.621826 0.000000 1.760750 0.360899 1.906342
0.352881 0.647119 1.647119 1.352881 0.268941 0.414023 1.686224 0.933692 1.205934 1.059561 1.303906 1.641516 0.299447 0.057110 0.534674 0.602948 0.506416 1.742613 1.340068 0.904045 1.090852 1.034579 1.242746 1.488991 1.731897 1.420143 0.752890 1.585914 0.666668 1.297578 1.046952 1.961920 0.554095 1.284371 1.789636 0.617424 1.760750 0.000000 1.878351 0.332909
1.768768 1.231232 0.231232 0.768768 1.852707 1.707626 0.435425 1.187956 0.672417 0.818790 0.817742 0.480132 1.578905 1.821242 1.343677 1.518701 1.371935 0.135738 0.538284 1.217603 0.787500 1.087069 0.635606 0.389360 0.146455 0.701506 1.125461 0.535735 1.454981 0.580773 1.074697 0.083569 1.324256 0.837278 0.332013 1.260927 0.360899 1.878351 0.000000 1.545443
0.685789 0.314211 1.314211 1.685789 0.601850 0.746932 1.980868 1.266601 0.873026 0.726653 1.636815 1.974425 0.033462 0.275799 0.201765 0.935856 0.173508 1.409705 1.007159 1.236954 0.757943 1.367488 0.909837 1.156083 1.398988 1.753051 0.419982 1.918823 0.999576 0.964670 1.379861 1.629012 0.221187 1.617279 1.877455 0.284516 1.906342 0.332909 1.545443 0.000000
