15
0.000000 1.000000 2.000000 1.000000 1.447834 0.733875 1.893592 1.281943 0.397682 0.624988 0.841454 0.686321 0.987413 1.417737 1.229616
1.000000 0.000000 1.000000 2.000000 0.447834 0.266125 1.106408 1.718057 0.602318 0.375012 1.841454 1.686321 1.987413 1.582263 0.229616
2.000000 1.000000 0.000000 1.000000 0.552166 1.266125 0.106408 0.718057 1.602318 1.375012 1.158546 1.313679 1.012587 0.582263 0.770384
1.000000 2.000000 1.000000 0.000000 1.552166 1.733875 0.893592 0.281943 1.397682 1.624988 0.158546 0.313679 0.012587 0.417737 1.770384
1.447834 0.447834 0.552166 1.552166 0.000000 0.713959 0.658573 1.270223 1.050152 0.822846 1.710711 1.865845 1.564753 1.134428 0.218218
0.733875 0.266125 1.266125 1.733875 0.713959 0.000000 1.372532 1.984182 0.336193 0.108887 1.575330 1.420196 1.721288 1.848387 0.495741
1.893592 1.106408 0.106408 0.893592 0.658573 1.372532 0.000000 0.611650 1.708725 1.481419 1.052138 1.207272 0.906180 0.475855 0.876791
1.281943 1.718057 0.718057 0.281943 1.270223 1.984182 0.611650 0.000000 1.679625 1.906931 0.440488 0.595622 0.294530 0.135795 1.488441
0.397682 0.602318 1.602318 1.397682 1.050152 0.336193 1.708725 1.679625 0.000000 0.227306 1.239136 1.084003 1.385095 1.815419 0.831934
0.624988 0.375012 1.375012 1.624988 0.822846 0.108887 1.481419 1.906931 0.227306 0.000000 1.466443 1.311309 1.612401 1.957274 0.604628
0.841454 1.841454 1.158546 0.158546 1.710711 1.575330 1.052138 0.440488 1.239136 1.466443 0.000000 0.155133 0.145958 0.576283 1.928930
0.686321 1.686321 1.313679 0.313679 1.865845 1.420196 1.207272 0.595622 1.084003 1.311309 0.155133 0.000000 0.301092 0.731416 1.915937
0.987413 1.987413 1.012587 0.012587 1.564753 1.721288 0.906180 0.294530 1.385095 1.612401 0.145958 0.301092 0.000000 0.430325 1.782971
1.417737 1.582263 0.582263 0.417737 1.134428 1.848387 0.475855 0.135795 1.815419 1.957274 0.576283 0.731416 0.430325 0.000000 1.352647
1.229616 0.229616 0.770384 1.770384 0.218218 0.495741 0.876791 1.488441 0.831934 0.604628 1.928930 1.915937 1.782971 1.352647 0.000000
