50
0.000000 1.000000 2.000000 1.000000 0.201648 1.887284 1.423654 0.709896 1.537098 0.431573 0.420656 0.987596 0.508037 0.399267 0.745407 0.905917 0.992311 1.607201 0.521928 1.625103 1.281315 0.983589 1.785971 0.104842 1.010957 0.796129 0.289611 0.931130 0.492294 1.929052 1.955083 0.193243 1.818365 1.858235 1.394820 0.827824 1.507902 1.917231 1.091898 1.347799 1.718579 0.238250 0.889614 1.570668 1.733998 0.102317 1.379861 1.300743 1.832132 0.537725
1.000000 0.000000 1.000000 2.000000 0.798352 0.887284 0.423654 1.709896 0.537098 1.431573 0.579344 1.987596 0.491963 0.600733 0.254593 1.905917 0.007689 1.392799 0.478072 0.625103 1.718685 1.983589 0.785971 1.104842 1.989043 0.203871 0.710389 1.931130 1.492294 1.070948 0.955083 0.806757 1.181635 1.141765 1.605180 0.172176 1.492098 0.917231 1.908102 0.347799 0.718579 0.761750 1.889614 1.429332 0.733998 0.897683 0.379861 0.300743 1.167868 1.537725
2.000000 1.000000 0.000000 1.000000 1.798352 0.112716 0.576346 1.290104 0.462902 1.568427 1.579344 1.012404 1.491963 1.600733 1.254593 1.094083 1.007689 0.392799 1.478072 0.374897 0.718685 1.016411 0.214029 1.895158 0.989043 1.203871 1.710389 1.068870 1.507706 0.070948 0.044917 1.806757 0.181635 0.141765 0.605180 1.172176 0.492098 0.082769 0.908102 0.652201 0.281421 1.761750 1.110386 0.429332 0.266002 1.897683 0.620139 0.699257 0.167868 1.462275
1.000000 2.000000 1.000000 0.000000 1.201648 1.112716 1.576346 0.290104 1.462902 0.568427 1.420656 0.012404 1.508037 1.399267 1.745407 0.094083 1.992311 0.607201 1.521928 1.374897 0.281315 0.016411 1.214029 0.895158 0.010957 1.796129 1.289611 0.068870 0.507706 0.929052 1.044917 1.193243 0.818365 0.858235 0.394820 1.827824 0.507902 1.082769 0.091898 1.652201 1.281421 1.238250 0.110386 0.570668 1.266002 1.102317 1.620139 1.699257 0.832132 0.462275
0.201648 0.798352 1.798352 1.201648 0.000000 1.685636 1.222006 0.911544 1.335450 0.633221 0.219008 1.189244 0.306389 0.197619 0.543759 1.107565 0.790663 1.808848 0.320280 1.423456 1.482963 1.185237 1.584324 0.306490 1.212605 0.594482 0.087963 1.132778 0.693942 1.869300 1.753435 0.008404 1.979987 1.940117 1.596468 0.626176 1.709550 1.715584 1.293546 1.146151 1.516931 0.036603 1.091262 1.772316 1.532350 0.099330 1.178213 1.099095 1.966220 0.739372
1.887284 0.887284 0.112716 1.112716 1.685636 0.000000 0.463630 1.402820 0.350186 1.681143 1.466628 1.125120 1.379247 1.488017 1.141877 1.206799 0.894973 0.505516 1.365356 0.262180 0.831401 1.129127 0.101313 1.992126 1.101759 1.091155 1.597673 1.181586 1.620422 0.183664 0.067799 1.694041 0.294351 0.254481 0.717896 1.059460 0.604814 0.029947 1.020818 0.539485 0.168705 1.649033 1.223102 0.542048 0.153286 1.784966 0.507423 0.586541 0.280584 1.574991
1.423654 0.423654 0.576346 1.576346 1.222006 0.463630 0.000000 1.866449 0.113444 1.855227 1.002999 1.588749 0.915618 1.024387 0.678248 1.670429 0.431344 0.969145 0.901726 0.201449 1.295031 1.592757 0.362317 1.528496 1.565388 0.627525 1.134043 1.645216 1.915948 0.647293 0.531429 1.230411 0.757980 0.718111 1.181526 0.595830 1.068444 0.493577 1.484448 0.075855 0.294925 1.185404 1.686732 1.005678 0.310343 1.321337 0.043794 0.122912 0.744214 1.961379
0.709896 1.709896 1.290104 0.290104 0.911544 1.402820 1.866449 0.000000 1.753006 0.278323 1.130552 0.277700 1.217933 1.109163 1.455303 0.196020 1.702207 0.897304 1.231825 1.665000 0.571419 0.273692 1.504132 0.605055 0.301061 1.506026 0.999508 0.221234 0.217603 1.219156 1.335020 0.903140 1.108469 1.148339 0.684923 1.537720 0.798005 1.372872 0.382001 1.942305 1.571525 0.948147 0.179718 0.860772 1.556106 0.812214 1.910243 1.989361 1.122236 0.172172
1.537098 0.537098 0.462902 1.462902 1.335450 0.350186 0.113444 1.753006 0.000000 1.968671 1.116442 1.475306 1.029061 1.137831 0.791691 1.556985 0.544787 0.855702 1.015169 0.088006 1.181587 1.479313 0.248874 1.641940 1.451945 0.740968 1.247487 1.531772 1.970609 0.533850 0.417986 1.343854 0.644537 0.604667 1.068082 0.709274 0.955000 0.380134 1.371004 0.189299 0.181481 1.298847 1.573288 0.892234 0.196900 1.434780 0.157237 0.236355 0.630770 1.925178
0.431573 1.431573 1.568427 0.568427 0.633221 1.681143 1.855227 0.278323 1.968671 0.000000 0.852229 0.556023 0.939610 0.830840 1.176980 0.474344 1.423884 1.175627 0.953501 1.943323 0.849742 0.552016 1.782455 0.326731 0.579384 1.227702 0.721184 0.499557 0.060721 1.497479 1.613344 0.624816 1.386792 1.426662 0.963247 1.259397 1.076329 1.651195 0.660325 1.779372 1.849848 0.669824 0.458041 1.139095 1.834429 0.533891 1.811434 1.732316 1.400559 0.106152
0.420656 0.579344 1.579344 1.420656 0.219008 1.466628 1.002999 1.130552 1.116442 0.852229 0.000000 1.408252 0.087381 0.021389 0.324751 1.326573 0.571655 1.972144 0.101273 1.204448 1.701971 1.404245 1.365316 0.525498 1.431613 0.375474 0.131045 1.351786 0.912949 1.650292 1.534428 0.227412 1.760979 1.721109 1.815476 0.407168 1.928558 1.496576 1.512554 0.927143 1.297923 0.182405 1.310270 1.991324 1.313342 0.318338 0.959205 0.880087 1.747212 0.958380
0.987596 1.987596 1.012404 0.012404 1.189244 1.125120 1.588749 0.277700 1.475306 0.556023 1.408252 0.000000 1.495633 1.386863 1.733003 0.081679 1.979907 0.619604 1.509525 1.387300 0.293719 0.004007 1.226432 0.882754 0.023361 1.783726 1.277207 0.056466 0.495303 0.941456 1.057320 1.180840 0.830769 0.870639 0.407224 1.815420 0.520306 1.095172 0.104302 1.664605 1.293825 1.225847 0.097982 0.583072 1.278406 1.089914 1.632543 1.711661 0.844536 0.449872
0.508037 0.491963 1.491963 1.508037 0.306389 1.379247 0.915618 1.217933 1.029061 0.939610 0.087381 1.495633 0.000000 0.108770 0.237370 1.413953 0.484274 1.884763 0.013892 1.117067 1.789352 1.491626 1.277935 0.612879 1.518994 0.288093 0.218426 1.439167 1.000330 1.562911 1.447047 0.314793 1.673598 1.633728 1.902857 0.319787 1.984061 1.409195 1.599934 0.839762 1.210542 0.269786 1.397651 1.921295 1.225961 0.405719 0.871824 0.792706 1.659831 1.045761
0.399267 0.600733 1.600733 1.399267 0.197619 1.488017 1.024387 1.109163 1.137831 0.830840 0.021389 1.386863 0.108770 0.000000 0.346140 1.305184 0.593044 1.993533 0.122661 1.225837 1.680582 1.382856 1.386704 0.504109 1.410224 0.396862 0.109656 1.330397 0.891561 1.671681 1.555816 0.206024 1.782368 1.742498 1.794087 0.428557 1.907169 1.517964 1.491165 0.948532 1.319312 0.161016 1.288881 1.969935 1.334731 0.296949 0.980594 0.901476 1.768601 0.936992
0.745407 0.254593 1.254593 1.745407 0.543759 1.141877 0.678248 1.455303 0.791691 1.176980 0.324751 1.733003 0.237370 0.346140 0.000000 1.651323 0.246904 1.647393 0.223478 0.879697 1.973278 1.728996 1.040565 0.850249 1.756364 0.050723 0.455796 1.676537 1.237700 1.325541 1.209677 0.552163 1.436228 1.396358 1.859773 0.082417 1.746691 1.171825 1.837304 0.602392 0.973172 0.507156 1.635021 1.683925 0.988591 0.643089 0.634454 0.555336 1.422461 1.283131
0.905917 1.905917 1.094083 0.094083 1.107565 1.206799 1.670429 0.196020 1.556985 0.474344 1.326573 0.081679 1.413953 1.305184 1.651323 0.000000 1.898227 0.701284 1.427845 1.468980 0.375398 0.077672 1.308112 0.801075 0.105041 1.702046 1.195528 0.025213 0.413623 1.023136 1.139000 1.099160 0.912449 0.952318 0.488903 1.733741 0.601985 1.176852 0.185981 1.746284 1.375504 1.144167 0.016303 0.664751 1.360086 1.008234 1.714223 1.793341 0.926215 0.368192
0.992311 0.007689 1.007689 1.992311 0.790663 0.894973 0.431344 1.702207 0.544787 1.423884 0.571655 1.979907 0.484274 0.593044 0.246904 1.898227 0.000000 1.400489 0.470382 0.632793 1.726374 1.975900 0.793661 1.097153 1.996732 0.196181 0.702700 1.923441 1.484604 1.078637 0.962773 0.799067 1.189324 1.149454 1.612870 0.164487 1.499787 0.924921 1.915792 0.355488 0.726268 0.754060 1.881925 1.437021 0.741687 0.889993 0.387550 0.308432 1.175557 1.530035
1.607201 1.392799 0.392799 0.607201 1.808848 0.505516 0.969145 0.897304 0.855702 1.175627 1.972144 0.619604 1.884763 1.993533 1.647393 0.701284 1.400489 0.000000 1.870871 0.767696 0.325885 0.623612 0.606828 1.502359 0.596243 1.596670 1.896812 0.676070 1.114907 0.321852 0.437716 1.800444 0.211165 0.251035 0.212381 1.564975 0.099299 0.475568 0.515303 1.045000 0.674221 1.845451 0.717586 0.036532 0.658802 1.709518 1.012939 1.092057 0.224931 1.069476
0.521928 0.478072 1.478072 1.521928 0.320280 1.365356 0.901726 1.231825 1.015169 0.953501 0.101273 1.509525 0.013892 0.122661 0.223478 1.427845 0.470382 1.870871 0.000000 1.103175 1.803243 1.505517 1.264043 0.626770 1.532886 0.274201 0.232317 1.453058 1.014222 1.549019 1.433155 0.328685 1.659706 1.619837 1.916748 0.305896 1.970170 1.395303 1.613826 0.825871 1.196650 0.283678 1.411542 1.907404 1.212069 0.419611 0.857932 0.778814 1.645940 1.059653
1.625103 0.625103 0.374897 1.374897 1.423456 0.262180 0.201449 1.665000 0.088006 1.943323 1.204448 1.387300 1.117067 1.225837 0.879697 1.468980 0.632793 0.767696 1.103175 0.000000 1.093581 1.391308 0.160868 1.729945 1.363939 0.828974 1.335492 1.443766 1.882603 0.445844 0.329980 1.431860 0.556531 0.516661 0.980077 0.797279 0.866995 0.292128 1.282999 0.277304 0.093475 1.386853 1.485282 0.804228 0.108894 1.522786 0.245243 0.324361 0.542765 1.837172
1.281315 1.718685 0.718685 0.281315 1.482963 0.831401 1.295031 0.571419 1.181587 0.849742 1.701971 0.293719 1.789352 1.680582 1.973278 0.375398 1.726374 0.325885 1.803243 1.093581 0.000000 0.297726 0.932713 1.176473 0.270358 1.922555 1.570926 0.350185 0.789021 0.647737 0.763602 1.474559 0.537050 0.576920 0.113505 1.890861 0.226587 0.801453 0.189417 1.370886 1.000106 1.519566 0.391701 0.289353 0.984687 1.383633 1.338824 1.417942 0.550817 0.743591
0.983589 1.983589 1.016411 0.016411 1.185237 1.129127 1.592757 0.273692 1.479313 0.552016 1.404245 0.004007 1.491626 1.382856 1.728996 0.077672 1.975900 0.623612 1.505517 1.391308 0.297726 0.000000 1.230440 0.878747 0.027368 1.779718 1.273200 0.052459 0.491295 0.945463 1.061328 1.176832 0.834776 0.874646 0.411231 1.811413 0.524313 1.099180 0.108309 1.668612 1.297832 1.221839 0.093975 0.587079 1.282413 1.085906 1.636551 1.715668 0.848543 0.445864
1.785971 0.785971 0.214029 1.214029 1.584324 0.101313 0.362317 1.504132 0.248874 1.782455 1.365316 1.226432 1.277935 1.386704 1.040565 1.308112 0.793661 0.606828 1.264043 0.160868 0.932713 1.230440 0.000000 1.890813 1.203071 0.989842 1.496360 1.282898 1.721735 0.284976 0.169112 1.592728 0.395663 0.355793 0.819209 0.958147 0.706127 0.131260 1.122131 0.438172 0.067393 1.547721 1.324414 0.643360 0.051974 1.683654 0.406111 0.485229 0.381897 1.676304
0.104842 1.104842 1.895158 0.895158 0.306490 1.992126 1.528496 0.605055 1.641940 0.326731 0.525498 0.882754 0.612879 0.504109 0.850249 0.801075 1.097153 1.502359 0.626770 1.729945 1.176473 0.878747 1.890813 0.000000 0.906116 0.900971 0.394453 0.826288 0.387452 1.824211 1.940075 0.298085 1.713523 1.753393 1.289978 0.932666 1.403060 1.977927 0.987056 1.452641 1.823421 0.343092 0.784772 1.465826 1.838840 0.207159 1.484702 1.405584 1.727290 0.432883
1.010957 1.989043 0.989043 0.010957 1.212605 1.101759 1.565388 0.301061 1.451945 0.579384 1.431613 0.023361 1.518994 1.410224 1.756364 0.105041 1.996732 0.596243 1.532886 1.363939 0.270358 0.027368 1.203071 0.906116 0.000000 1.807087 1.300568 0.079827 0.518664 0.918095 1.033959 1.204201 0.807408 0.847278 0.383862 1.838781 0.496945 1.071811 0.080940 1.641244 1.270464 1.249208 0.121343 0.559711 1.255045 1.113275 1.609182 1.688300 0.821175 0.473233
0.796129 0.203871 1.203871 1.796129 0.594482 1.091155 0.627525 1.506026 0.740968 1.227702 0.375474 1.783726 0.288093 0.396862 0.050723 1.702046 0.196181 1.596670 0.274201 0.828974 1.922555 1.779718 0.989842 0.900971 1.807087 0.000000 0.506518 1.727259 1.288423 1.274818 1.158954 0.602886 1.385505 1.345635 1.809051 0.031695 1.695969 1.121102 1.888027 0.551670 0.922449 0.557879 1.685744 1.633203 0.937868 0.693812 0.583731 0.504613 1.371739 1.333854
0.289611 0.710389 1.710389 1.289611 0.087963 1.597673 1.134043 0.999508 1.247487 0.721184 0.131045 1.277207 0.218426 0.109656 0.455796 1.195528 0.702700 1.896812 0.232317 1.335492 1.570926 1.273200 1.496360 0.394453 1.300568 0.506518 0.000000 1.220741 0.781905 1.781336 1.665472 0.096368 1.892024 1.852154 1.684431 0.538213 1.797513 1.627620 1.381509 1.058188 1.428968 0.051361 1.179225 1.860279 1.444387 0.187294 1.090249 1.011131 1.878257 0.827336
0.931130 1.931130 1.068870 0.068870 1.132778 1.181586 1.645216 0.221234 1.531772 0.499557 1.351786 0.056466 1.439167 1.330397 1.676537 0.025213 1.923441 0.676070 1.453058 1.443766 0.350185 0.052459 1.282898 0.826288 0.079827 1.727259 1.220741 0.000000 0.438836 0.997922 1.113787 1.124373 0.887235 0.927105 0.463690 1.758954 0.576772 1.151638 0.160768 1.721071 1.350291 1.169381 0.041516 0.639538 1.334872 1.033448 1.689009 1.768127 0.901002 0.393405
0.492294 1.492294 1.507706 0.507706 0.693942 1.620422 1.915948 0.217603 1.970609 0.060721 0.912949 0.495303 1.000330 0.891561 1.237700 0.413623 1.484604 1.114907 1.014222 1.882603 0.789021 0.491295 1.721735 0.387452 0.518664 1.288423 0.781905 0.438836 0.000000 1.436759 1.552623 0.685537 1.326072 1.365941 0.902526 1.320118 1.015608 1.590475 0.599604 1.840093 1.789128 0.730544 0.397320 1.078374 1.773709 0.594611 1.872154 1.793036 1.339838 0.045431
1.929052 1.070948 0.070948 0.929052 1.869300 0.183664 0.647293 1.219156 0.533850 1.497479 1.650292 0.941456 1.562911 1.671681 1.325541 1.023136 1.078637 0.321852 1.549019 0.445844 0.647737 0.945463 0.284976 1.824211 0.918095 1.274818 1.781336 0.997922 1.436759 0.000000 0.115864 1.877704 0.110687 0.070817 0.534233 1.243124 0.421150 0.153716 0.837155 0.723149 0.352369 1.832697 1.039438 0.358384 0.336950 1.968630 0.691087 0.770205 0.096920 1.391328
1.955083 0.955083 0.044917 1.044917 1.753435 0.067799 0.531429 1.335020 0.417986 1.613344 1.534428 1.057320 1.447047 1.555816 1.209677 1.139000 0.962773 0.437716 1.433155 0.329980 0.763602 1.061328 0.169112 1.940075 1.033959 1.158954 1.665472 1.113787 1.552623 0.115864 0.000000 1.761840 0.226551 0.186682 0.650097 1.127259 0.537015 0.037852 0.953019 0.607284 0.236505 1.716833 1.155303 0.474249 0.221086 1.852766 0.575223 0.654341 0.212785 1.507192
0.193243 0.806757 1.806757 1.193243 0.008404 1.694041 1.230411 0.903140 1.343854 0.624816 0.227412 1.180840 0.314793 0.206024 0.552163 1.099160 0.799067 1.800444 0.328685 1.431860 1.474559 1.176832 1.592728 0.298085 1.204201 0.602886 0.096368 1.124373 0.685537 1.877704 1.761840 0.000000 1.988391 1.948521 1.588063 0.634581 1.701145 1.723988 1.285141 1.154556 1.525335 0.045007 1.082858 1.763911 1.540754 0.090926 1.186617 1.107499 1.974625 0.730968
1.818365 1.181635 0.181635 0.818365 1.979987 0.294351 0.757980 1.108469 0.644537 1.386792 1.760979 0.830769 1.673598 1.782368 1.436228 0.912449 1.189324 0.211165 1.659706 0.556531 0.537050 0.834776 0.395663 1.713523 0.807408 1.385505 1.892024 0.887235 1.326072 0.110687 0.226551 1.988391 0.000000 0.039870 0.423545 1.353811 0.310463 0.264403 0.726468 0.833836 0.463056 1.943384 0.928751 0.247697 0.447637 1.920683 0.801774 0.880892 0.013767 1.280641
1.858235 1.141765 0.141765 0.858235 1.940117 0.254481 0.718111 1.148339 0.604667 1.426662 1.721109 0.870639 1.633728 1.742498 1.396358 0.952318 1.149454 0.251035 1.619837 0.516661 0.576920 0.874646 0.355793 1.753393 0.847278 1.345635 1.852154 0.927105 1.365941 0.070817 0.186682 1.948521 0.039870 0.000000 0.463415 1.313941 0.350333 0.224533 0.766337 0.793966 0.423186 1.903514 0.968621 0.287567 0.407767 1.960553 0.761904 0.841022 0.026103 1.320511
1.394820 1.605180 0.605180 0.394820 1.596468 0.717896 1.181526 0.684923 1.068082 0.963247 1.815476 0.407224 1.902857 1.794087 1.859773 0.488903 1.612870 0.212381 1.916748 0.980077 0.113505 0.411231 0.819209 1.289978 0.383862 1.809051 1.684431 0.463690 0.902526 0.534233 0.650097 1.588063 0.423545 0.463415 0.000000 1.777356 0.113082 0.687949 0.302922 1.257381 0.886601 1.633070 0.505206 0.175848 0.871182 1.497137 1.225320 1.304438 0.437312 0.857095
0.827824 0.172176 1.172176 1.827824 0.626176 1.059460 0.595830 1.537720 0.709274 1.259397 0.407168 1.815420 0.319787 0.428557 0.082417 1.733741 0.164487 1.564975 0.305896 0.797279 1.890861 1.811413 0.958147 0.932666 1.838781 0.031695 0.538213 1.758954 1.320118 1.243124 1.127259 0.634581 1.353811 1.313941 1.777356 0.000000 1.664274 1.089407 1.919722 0.519975 0.890755 0.589574 1.717438 1.601508 0.906174 0.725507 0.552037 0.472919 1.340044 1.365549
1.507902 1.492098 0.492098 0.507902 1.709550 0.604814 1.068444 0.798005 0.955000 1.076329 1.928558 0.520306 1.984061 1.907169 1.746691 0.601985 1.499787 0.099299 1.970170 0.866995 0.226587 0.524313 0.706127 1.403060 0.496945 1.695969 1.797513 0.576772 1.015608 0.421150 0.537015 1.701145 0.310463 0.350333 0.113082 1.664274 0.000000 0.574867 0.416004 1.144299 0.773519 1.746152 0.618288 0.062766 0.758100 1.610219 1.112238 1.191356 0.324230 0.970177
1.917231 0.917231 0.082769 1.082769 1.715584 0.029947 0.493577 1.372872 0.380134 1.651195 1.496576 1.095172 1.409195 1.517964 1.171825 1.176852 0.924921 0.475568 1.395303 0.292128 0.801453 1.099180 0.131260 1.977927 1.071811 1.121102 1.627620 1.151638 1.590475 0.153716 0.037852 1.723988 0.264403 0.224533 0.687949 1.089407 0.574867 0.000000 0.990871 0.569432 0.198653 1.678981 1.193154 0.512100 0.183234 1.814914 0.537371 0.616489 0.250637 1.545044
1.091898 1.908102 0.908102 0.091898 1.293546 1.020818 1.484448 0.382001 1.371004 0.660325 1.512554 0.104302 1.599934 1.491165 1.837304 0.185981 1.915792 0.515303 1.613826 1.282999 0.189417 0.108309 1.122131 0.987056 0.080940 1.888027 1.381509 0.160768 0.599604 0.837155 0.953019 1.285141 0.726468 0.766337 0.302922 1.919722 0.416004 0.990871 0.000000 1.560303 1.189523 1.330148 0.202284 0.478770 1.174105 1.194215 1.528242 1.607360 0.740234 0.554173
1.347799 0.347799 0.652201 1.652201 1.146151 0.539485 0.075855 1.942305 0.189299 1.779372 0.927143 1.664605 0.839762 0.948532 0.602392 1.746284 0.355488 1.045000 0.825871 0.277304 1.370886 1.668612 0.438172 1.452641 1.641244 0.551670 1.058188 1.721071 1.840093 0.723149 0.607284 1.154556 0.833836 0.793966 1.257381 0.519975 1.144299 0.569432 1.560303 0.000000 0.370780 1.109548 1.762587 1.081533 0.386199 1.245482 0.032062 0.047056 0.820069 1.885524
1.718579 0.718579 0.281421 1.281421 1.516931 0.168705 0.294925 1.571525 0.181481 1.849848 1.297923 1.293825 1.210542 1.319312 0.973172 1.375504 0.726268 0.674221 1.196650 0.093475 1.000106 1.297832 0.067393 1.823421 1.270464 0.922449 1.428968 1.350291 1.789128 0.352369 0.236505 1.525335 0.463056 0.423186 0.886601 0.890755 0.773519 0.198653 1.189523 0.370780 0.000000 1.480328 1.391807 0.710753 0.015419 1.616261 0.338718 0.417836 0.449289 1.743697
0.238250 0.761750 1.761750 1.238250 0.036603 1.649033 1.185404 0.948147 1.298847 0.669824 0.182405 1.225847 0.269786 0.161016 0.507156 1.144167 0.754060 1.845451 0.283678 1.386853 1.519566 1.221839 1.547721 0.343092 1.249208 0.557879 0.051361 1.169381 0.730544 1.832697 1.716833 0.045007 1.943384 1.903514 1.633070 0.589574 1.746152 1.678981 1.330148 1.109548 1.480328 0.000000 1.127865 1.808919 1.495747 0.135933 1.141610 1.062492 1.929618 0.775975
0.889614 1.889614 1.110386 0.110386 1.091262 1.223102 1.686732 0.179718 1.573288 0.458041 1.310270 0.097982 1.397651 1.288881 1.635021 0.016303 1.881925 0.717586 1.411542 1.485282 0.391701 0.093975 1.324414 0.784772 0.121343 1.685744 1.179225 0.041516 0.397320 1.039438 1.155303 1.082858 0.928751 0.968621 0.505206 1.717438 0.618288 1.193154 0.202284 1.762587 1.391807 1.127865 0.000000 0.681054 1.376388 0.991932 1.730525 1.809643 0.942518 0.351890
1.570668 1.429332 0.429332 0.570668 1.772316 0.542048 1.005678 0.860772 0.892234 1.139095 1.991324 0.583072 1.921295 1.969935 1.683925 0.664751 1.437021 0.036532 1.907404 0.804228 0.289353 0.587079 0.643360 1.465826 0.559711 1.633203 1.860279 0.639538 1.078374 0.358384 0.474249 1.763911 0.247697 0.287567 0.175848 1.601508 0.062766 0.512100 0.478770 1.081533 0.710753 1.808919 0.681054 0.000000 0.695334 1.672986 1.049471 1.128589 0.261464 1.032943
1.733998 0.733998 0.266002 1.266002 1.532350 0.153286 0.310343 1.556106 0.196900 1.834429 1.313342 1.278406 1.225961 1.334731 0.988591 1.360086 0.741687 0.658802 1.212069 0.108894 0.984687 1.282413 0.051974 1.838840 1.255045 0.937868 1.444387 1.334872 1.773709 0.336950 0.221086 1.540754 0.447637 0.407767 0.871182 0.906174 0.758100 0.183234 1.174105 0.386199 0.015419 1.495747 1.376388 0.695334 0.000000 1.631680 0.354137 0.433255 0.433870 1.728278
0.102317 0.897683 1.897683 1.102317 0.099330 1.784966 1.321337 0.812214 1.434780 0.533891 0.318338 1.089914 0.405719 0.296949 0.643089 1.008234 0.889993 1.709518 0.419611 1.522786 1.383633 1.085906 1.683654 0.207159 1.113275 0.693812 0.187294 1.033448 0.594611 1.968630 1.852766 0.090926 1.920683 1.960553 1.497137 0.725507 1.610219 1.814914 1.194215 1.245482 1.616261 0.135933 0.991932 1.672986 1.631680 0.000000 1.277543 1.198425 1.934449 0.640042
1.379861 0.379861 0.620139 1.620139 1.178213 0.507423 0.043794 1.910243 0.157237 1.811434 0.959205 1.632543 0.871824 0.980594 0.634454 1.714223 0.387550 1.012939 0.857932 0.245243 1.338824 1.636551 0.406111 1.484702 1.609182 0.583731 1.090249 1.689009 1.872154 0.691087 0.575223 1.186617 0.801774 0.761904 1.225320 0.552037 1.112238 0.537371 1.528242 0.032062 0.338718 1.141610 1.730525 1.049471 0.354137 1.277543 0.000000 0.079118 0.788007 1.917585
1.300743 0.300743 0.699257 1.699257 1.099095 0.586541 0.122912 1.989361 0.236355 1.732316 0.880087 1.711661 0.792706 0.901476 0.555336 1.793341 0.308432 1.092057 0.778814 0.324361 1.417942 1.715668 0.485229 1.405584 1.688300 0.504613 1.011131 1.768127 1.793036 0.770205 0.654341 1.107499 0.880892 0.841022 1.304438 0.472919 1.191356 0.616489 1.607360 0.047056 0.417836 1.062492 1.809643 1.128589 0.433255 1.198425 0.079118 0.000000 0.867125 1.838467
1.832132 1.167868 0.167868 0.832132 1.966220 0.280584 0.744214 1.122236 0.630770 1.400559 1.747212 0.844536 1.659831 1.768601 1.422461 0.926215 1.175557 0.224931 1.645940 0.542765 0.550817 0.848543 0.381897 1.727290 0.821175 1.371739 1.878257 0.901002 1.339838 0.096920 0.212785 1.974625 0.013767 0.026103 0.437312 1.340044 0.324230 0.250637 0.740234 0.820069 0.449289 1.929618 0.942518 0.261464 0.433870 1.934449 0.788007 0.867125 0.000000 1.294407
0.537725 1.537725 1.462275 0.462275 0.739372 1.574991 1.961379 0.172172 1.925178 0.106152 0.958380 0.449872 1.045761 0.936992 1.283131 0.368192 1.530035 1.069476 1.059653 1.837172 0.743591 0.445864 1.676304 0.432883 0.473233 1.333854 0.827336 0.393405 0.045431 1.391328 1.507192 0.730968 1.280641 1.320511 0.857095 1.365549 0.970177 1.545044 0.554173 1.885524 1.743697 0.775975 0.351890 1.032943 1.728278 0.640042 1.917585 1.838467 1.294407 0.000000
