10
0.000000 1.000000 2.000000 1.000000 0.562568 1.143954 1.233389 1.229792 0.865054 0.844222
1.000000 0.000000 1.000000 2.000000 1.562568 0.143954 1.766611 1.770208 1.865054 1.844222
2.000000 1.000000 0.000000 1.000000 1.437432 0.856046 0.766611 0.770208 1.134946 1.155778
1.000000 2.000000 1.000000 0.000000 0.437432 1.856046 0.233389 0.229792 0.134946 0.155778
0.562568 1.562568 1.437432 0.437432 0.000000 1.706522 0.670821 0.667224 0.302486 0.281654
1.143954 0.143954 0.856046 1.856046 1.706522 0.000000 1.622656 1.626254 1.990992 1.988177
1.233389 1.766611 0.766611 0.233389 0.670821 1.622656 0.000000 0.003598 0.368336 0.389167
1.229792 1.770208 0.770208 0.229792 0.667224 1.626254 0.003598 0.000000 0.364738 0.385569
0.865054 1.865054 1.134946 0.134946 0.302486 1.990992 0.368336 0.364738 0.000000 0.020831
0.844222 1.844222 1.155778 0.155778 0.281654 1.988177 0.389167 0.385569 0.020831 0.000000
