30
0.000000 1.000000 2.000000 1.000000 1.767754 1.676695 1.537305 0.982608 0.202541 0.135792 0.887740 0.906779 0.678106 0.471532 0.137141 1.442734 0.137569 1.815586 0.117473 1.244557 1.271802 1.189352 1.895007 0.396940 0.757970 0.861912 1.698933 0.900451 0.368851 1.939185
1.000000 0.000000 1.000000 2.000000 1.232246 0.676695 0.537305 0.017392 0.797459 0.864208 1.887740 1.906779 0.321894 1.471532 1.137141 0.442734 1.137569 1.184414 1.117473 0.244557 0.271802 0.189352 1.104993 0.603060 1.757970 1.861912 1.301067 1.900451 0.631149 1.060815
2.000000 1.000000 0.000000 1.000000 0.232246 0.323305 0.462695 1.017392 1.797459 1.864208 1.112260 1.093221 1.321894 1.528468 1.862859 0.557266 1.862431 0.184414 1.882527 0.755443 0.728198 0.810648 0.104993 1.603060 1.242030 1.138088 0.301067 1.099549 1.631149 0.060815
1.000000 2.000000 1.000000 0.000000 0.767754 1.323305 1.462695 1.982608 1.202541 1.135792 0.112260 0.093221 1.678106 0.528468 0.862859 1.557266 0.862431 0.815586 0.882527 1.755443 1.728198 1.810648 0.895007 1.396940 0.242030 0.138088 0.698933 0.099549 1.368851 0.939185
1.767754 1.232246 0.232246 0.767754 0.000000 0.555551 0.694941 1.249638 1.970295 1.903546 0.880014 0.860975 1.554140 1.296222 1.630613 0.789512 1.630185 0.047832 1.650281 0.987689 0.960444 1.042894 0.127253 1.835306 1.009784 0.905842 0.068821 0.867303 1.863395 0.171431
1.676695 0.676695 0.323305 1.323305 0.555551 0.000000 0.139390 0.694087 1.474153 1.540903 1.435565 1.416526 0.998589 1.851773 1.813836 0.233961 1.814264 0.507720 1.794168 0.432138 0.404893 0.487343 0.428298 1.279755 1.565335 1.461393 0.624372 1.422854 1.307844 0.384120
1.537305 0.537305 0.462695 1.462695 0.694941 0.139390 0.000000 0.554697 1.334764 1.401513 1.574955 1.555916 0.859199 1.991163 1.674446 0.094571 1.674874 0.647110 1.654778 0.292748 0.265503 0.347953 0.567688 1.140365 1.704725 1.600783 0.763762 1.562244 1.168454 0.523510
0.982608 0.017392 1.017392 1.982608 1.249638 0.694087 0.554697 0.000000 0.780067 0.846817 1.870349 1.889387 0.304502 1.454140 1.119749 0.460126 1.120177 1.201806 1.100081 0.261948 0.289194 0.206744 1.122385 0.585668 1.740578 1.844520 1.318459 1.883060 0.613757 1.078206
0.202541 0.797459 1.797459 1.202541 1.970295 1.474153 1.334764 0.780067 0.000000 0.066750 1.090282 1.109320 0.475565 0.674073 0.339682 1.240193 0.340110 1.981873 0.320014 1.042015 1.069261 0.986811 1.902451 0.194398 0.960512 1.064454 1.901475 1.102993 0.166310 1.858273
0.135792 0.864208 1.864208 1.135792 1.903546 1.540903 1.401513 0.846817 0.066750 0.000000 1.023532 1.042570 0.542314 0.607324 0.272933 1.306942 0.273361 1.951377 0.253265 1.108765 1.136010 1.053560 1.969201 0.261148 0.893762 0.997704 1.834725 1.036243 0.233060 1.925023
0.887740 1.887740 1.112260 0.112260 0.880014 1.435565 1.574955 1.870349 1.090282 1.023532 0.000000 0.019038 1.565846 0.416208 0.750599 1.669526 0.750171 0.927845 0.770267 1.867703 1.840458 1.922908 1.007267 1.284680 0.129770 0.025828 0.811193 0.012711 1.256592 1.051445
0.906779 1.906779 1.093221 0.093221 0.860975 1.416526 1.555916 1.889387 1.109320 1.042570 0.019038 0.000000 1.584885 0.435247 0.769638 1.650487 0.769210 0.908807 0.789306 1.848665 1.821419 1.903869 0.988228 1.303719 0.148809 0.044866 0.792154 0.006327 1.275630 1.032407
0.678106 0.321894 1.321894 1.678106 1.554140 0.998589 0.859199 0.304502 0.475565 0.542314 1.565846 1.584885 0.000000 1.149638 0.815247 0.764628 0.815675 1.506309 0.795579 0.566451 0.593696 0.511246 1.426887 0.281166 1.436076 1.540018 1.622961 1.578557 0.309255 1.382709
0.471532 1.471532 1.528468 0.528468 1.296222 1.851773 1.991163 1.454140 0.674073 0.607324 0.416208 0.435247 1.149638 0.000000 0.334391 1.914266 0.333963 1.344053 0.354059 1.716089 1.743334 1.660884 1.423475 0.868472 0.286438 0.390380 1.227401 0.428919 0.840383 1.467653
0.137141 1.137141 1.862859 0.862859 1.630613 1.813836 1.674446 1.119749 0.339682 0.272933 0.750599 0.769638 0.815247 0.334391 0.000000 1.579875 0.000428 1.678445 0.019668 1.381698 1.408943 1.326493 1.757866 0.534081 0.620829 0.724771 1.561792 0.763310 0.505992 1.802044
1.442734 0.442734 0.557266 1.557266 0.789512 0.233961 0.094571 0.460126 1.240193 1.306942 1.669526 1.650487 0.764628 1.914266 1.579875 0.000000 1.580303 0.741681 1.560207 0.198177 0.170932 0.253382 0.662259 1.045794 1.799296 1.695354 0.858333 1.656815 1.073883 0.618081
0.137569 1.137569 1.862431 0.862431 1.630185 1.814264 1.674874 1.120177 0.340110 0.273361 0.750171 0.769210 0.815675 0.333963 0.000428 1.580303 0.000000 1.678016 0.020096 1.382126 1.409371 1.326921 1.757438 0.534509 0.620401 0.724343 1.561364 0.762882 0.506420 1.801616
1.815586 1.184414 0.184414 0.815586 0.047832 0.507720 0.647110 1.201806 1.981873 1.951377 0.927845 0.908807 1.506309 1.344053 1.678445 0.741681 1.678016 0.000000 1.698113 0.939858 0.912612 0.995063 0.079422 1.787475 1.057615 0.953673 0.116652 0.915134 1.815563 0.123600
0.117473 1.117473 1.882527 0.882527 1.650281 1.794168 1.654778 1.100081 0.320014 0.253265 0.770267 0.789306 0.795579 0.354059 0.019668 1.560207 0.020096 1.698113 0.000000 1.362030 1.389275 1.306825 1.777534 0.514413 0.640497 0.744439 1.581460 0.782978 0.486324 1.821712
1.244557 0.244557 0.755443 1.755443 0.987689 0.432138 0.292748 0.261948 1.042015 1.108765 1.867703 1.848665 0.566451 1.716089 1.381698 0.198177 1.382126 0.939858 1.362030 0.000000 0.027245 0.055205 0.860436 0.847617 1.997473 1.893531 1.056510 1.854992 0.875705 0.816258
1.271802 0.271802 0.728198 1.728198 0.960444 0.404893 0.265503 0.289194 1.069261 1.136010 1.840458 1.821419 0.593696 1.743334 1.408943 0.170932 1.409371 0.912612 1.389275 0.027245 0.000000 0.082450 0.833191 0.874862 1.970228 1.866286 1.029265 1.827747 0.902951 0.789013
1.189352 0.189352 0.810648 1.810648 1.042894 0.487343 0.347953 0.206744 0.986811 1.053560 1.922908 1.903869 0.511246 1.660884 1.326493 0.253382 1.326921 0.995063 1.306825 0.055205 0.082450 0.000000 0.915641 0.792412 1.947322 1.948736 1.111715 1.910197 0.820501 0.871463
1.895007 1.104993 0.104993 0.895007 0.127253 0.428298 0.567688 1.122385 1.902451 1.969201 1.007267 0.988228 1.426887 1.423475 1.757866 0.662259 1.757438 0.079422 1.777534 0.860436 0.833191 0.915641 0.000000 1.708053 1.137037 1.033095 0.196074 0.994556 1.736142 0.044178
0.396940 0.603060 1.603060 1.396940 1.835306 1.279755 1.140365 0.585668 0.194398 0.261148 1.284680 1.303719 0.281166 0.868472 0.534081 1.045794 0.534509 1.787475 0.514413 0.847617 0.874862 0.792412 1.708053 0.000000 1.154910 1.258852 1.904127 1.297391 0.028089 1.663875
0.757970 1.757970 1.242030 0.242030 1.009784 1.565335 1.704725 1.740578 0.960512 0.893762 0.129770 0.148809 1.436076 0.286438 0.620829 1.799296 0.620401 1.057615 0.640497 1.997473 1.970228 1.947322 1.137037 1.154910 0.000000 0.103942 0.940963 0.142481 1.126821 1.181215
0.861912 1.861912 1.138088 0.138088 0.905842 1.461393 1.600783 1.844520 1.064454 0.997704 0.025828 0.044866 1.540018 0.390380 0.724771 1.695354 0.724343 0.953673 0.744439 1.893531 1.866286 1.948736 1.033095 1.258852 0.103942 0.000000 0.837021 0.038539 1.230763 1.077273
1.698933 1.301067 0.301067 0.698933 0.068821 0.624372 0.763762 1.318459 1.901475 1.834725 0.811193 0.792154 1.622961 1.227401 1.561792 0.858333 1.561364 0.116652 1.581460 1.056510 1.029265 1.111715 0.196074 1.904127 0.940963 0.837021 0.000000 0.798482 1.932216 0.240252
0.900451 1.900451 1.099549 0.099549 0.867303 1.422854 1.562244 1.883060 1.102993 1.036243 0.012711 0.006327 1.578557 0.428919 0.763310 1.656815 0.762882 0.915134 0.782978 1.854992 1.827747 1.910197 0.994556 1.297391 0.142481 0.038539 0.798482 0.000000 1.269303 1.038734
0.368851 0.631149 1.631149 1.368851 1.863395 1.307844 1.168454 0.613757 0.166310 0.233060 1.256592 1.275630 0.309255 0.840383 0.505992 1.073883 0.506420 1.815563 0.486324 0.875705 0.902951 0.820501 1.736142 0.028089 1.126821 1.230763 1.932216 1.269303 0.000000 1.691963
1.939185 1.060815 0.060815 0.939185 0.171431 0.384120 0.523510 1.078206 1.858273 1.925023 1.051445 1.032407 1.382709 1.467653 1.802044 0.618081 1.801616 0.123600 1.821712 0.816258 0.789013 0.871463 0.044178 1.663875 1.181215 1.077273 0.240252 1.038734 1.691963 0.000000
