40
0.000000 1.000000 2.000000 1.000000 1.115704 1.997528 1.151648 0.238816 1.385967 1.473508 1.962778 1.966687 1.906499 1.357777 1.247093 0.363596 0.909273 1.379587 1.375819 0.949993 1.983915 1.227983 1.725252 0.363135 0.423655 0.199125 1.184406 1.123656 0.910010 0.186051 0.517807 0.672190 0.443218 0.333663 0.107241 1.012244 0.037011 1.214244 0.201220 1.119793
1.000000 0.000000 1.000000 2.000000 1.884296 0.997528 0.151648 1.238816 0.385967 1.526492 1.037222 0.966687 0.906499 1.642223 0.247093 1.363596 1.909273 0.379587 0.375819 0.050007 1.016085 0.227983 0.725252 0.636865 0.576345 0.800875 0.184406 0.123656 0.089990 1.186051 0.482193 1.672190 1.443218 1.333663 0.892759 1.987756 1.037011 0.214244 1.201220 1.880207
2.000000 1.000000 0.000000 1.000000 0.884296 0.002472 0.848352 1.761184 0.614033 0.526492 0.037222 0.033313 0.093501 0.642223 0.752907 1.636404 1.090727 0.620413 0.624181 1.050007 0.016085 0.772017 0.274748 1.636865 1.576345 1.800875 0.815594 0.876344 1.089990 1.813949 1.482193 1.327810 1.556782 1.666337 1.892759 0.987756 1.962989 0.785756 1.798780 0.880207
1.000000 2.000000 1.000000 0.000000 0.115704 1.002472 1.848352 0.761184 1.614033 0.473508 0.962778 1.033313 1.093501 0.357777 1.752907 0.636404 0.090727 1.620413 1.624181 1.949993 0.983915 1.772017 1.274748 1.363135 1.423655 1.199125 1.815594 1.876344 1.910010 0.813949 1.517807 0.327810 0.556782 0.666337 1.107241 0.012244 0.962989 1.785756 0.798780 0.119793
1.115704 1.884296 0.884296 0.115704 0.000000 0.886768 1.732648 0.876888 1.498329 0.357804 0.847074 0.917609 0.977797 0.242073 1.637203 0.752108 0.206431 1.504709 1.508477 1.934303 0.868211 1.656313 1.159044 1.478839 1.539359 1.314829 1.699890 1.760640 1.974286 0.929652 1.633511 0.443514 0.672486 0.782041 1.222945 0.103460 1.078693 1.670052 0.914484 0.004089
1.997528 0.997528 0.002472 1.002472 0.886768 0.000000 0.845880 1.763656 0.611561 0.528964 0.039694 0.030841 0.091028 0.644696 0.750435 1.638876 1.093199 0.617941 0.621708 1.047535 0.018557 0.769545 0.272276 1.634392 1.573873 1.798403 0.813121 0.873872 1.087518 1.816421 1.479721 1.330282 1.559255 1.668809 1.890287 0.990228 1.965461 0.783284 1.801252 0.882679
1.151648 0.151648 0.848352 1.848352 1.732648 0.845880 0.000000 1.390465 0.234319 1.374844 0.885574 0.815039 0.754851 1.490575 0.095445 1.515244 1.939079 0.227939 0.224171 0.201655 0.864437 0.076335 0.573604 0.788513 0.727993 0.952523 0.032758 0.027992 0.241638 1.337700 0.633841 1.823838 1.594866 1.485312 1.044407 1.836108 1.188659 0.062595 1.352868 1.728559
0.238816 1.238816 1.761184 0.761184 0.876888 1.763656 1.390465 0.000000 1.624783 1.234692 1.723962 1.794497 1.854684 1.118960 1.485910 0.124779 0.670456 1.618404 1.614636 1.188810 1.745099 1.466800 1.964069 0.601952 0.662471 0.437941 1.423223 1.362472 1.148826 0.052765 0.756623 0.433374 0.204401 0.094847 0.346058 0.773427 0.201805 1.453060 0.037597 0.880977
1.385967 0.385967 0.614033 1.614033 1.498329 0.611561 0.234319 1.624783 0.000000 1.140525 0.651255 0.580720 0.520532 1.256256 0.138874 1.749563 1.704760 0.006380 0.010147 0.435974 0.630118 0.157984 0.339285 1.022831 0.962312 1.186842 0.201561 0.262311 0.475957 1.572018 0.868160 1.941843 1.829184 1.719630 1.278726 1.601789 1.422978 0.171723 1.587187 1.494240
1.473508 1.526492 0.526492 0.473508 0.357804 0.528964 1.374844 1.234692 1.140525 0.000000 0.489270 0.559805 0.619993 0.115731 1.279399 1.109912 0.564235 1.146905 1.150673 1.576499 0.510407 1.298509 0.801240 1.836643 1.897163 1.672633 1.342086 1.402836 1.616482 1.287457 1.991315 0.801318 1.030290 1.139845 1.580749 0.461264 1.436497 1.312248 1.272288 0.353715
1.962778 1.037222 0.037222 0.962778 0.847074 0.039694 0.885574 1.723962 0.651255 0.489270 0.000000 0.070535 0.130723 0.605001 0.790129 1.599182 1.053505 0.657635 0.661403 1.087229 0.021137 0.809239 0.311970 1.674086 1.613567 1.838097 0.852816 0.913566 1.127212 1.776727 1.519415 1.290588 1.519560 1.629115 1.929981 0.950534 1.925767 0.822978 1.761558 0.842985
1.966687 0.966687 0.033313 1.033313 0.917609 0.030841 0.815039 1.794497 0.580720 0.559805 0.070535 0.000000 0.060187 0.675537 0.719593 1.669718 1.124040 0.587099 0.590867 1.016694 0.049398 0.738704 0.241435 1.603551 1.543032 1.767562 0.782280 0.843031 1.056677 1.847262 1.448880 1.361123 1.590096 1.699650 1.859445 1.021069 1.996302 0.752443 1.832094 0.913520
1.906499 0.906499 0.093501 1.093501 0.977797 0.091028 0.754851 1.854684 0.520532 0.619993 0.130723 0.060187 0.000000 0.735724 0.659406 1.729905 1.184228 0.526912 0.530680 0.956506 0.109586 0.678516 0.181247 1.543364 1.482844 1.707374 0.722093 0.782844 0.996489 1.907449 1.388692 1.421311 1.650283 1.759837 1.799258 1.081257 1.943511 0.692256 1.892281 0.973708
1.357777 1.642223 0.642223 0.357777 0.242073 0.644696 1.490575 1.118960 1.256256 0.115731 0.605001 0.675537 0.735724 0.000000 1.395130 0.994181 0.448504 1.262636 1.266404 1.692230 0.626138 1.414240 0.916971 1.720912 1.781432 1.556902 1.457817 1.518568 1.732213 1.171725 1.875584 0.685587 0.914559 1.024113 1.465018 0.345533 1.320765 1.427980 1.156557 0.237984
1.247093 0.247093 0.752907 1.752907 1.637203 0.750435 0.095445 1.485910 0.138874 1.279399 0.790129 0.719593 0.659406 1.395130 0.000000 1.610689 1.843634 0.132494 0.128726 0.297100 0.768992 0.019110 0.478159 0.883958 0.823438 1.047968 0.062687 0.123438 0.337083 1.433145 0.729286 1.919283 1.690311 1.580757 1.139852 1.740663 1.284104 0.032850 1.448313 1.633114
0.363596 1.363596 1.636404 0.636404 0.752108 1.638876 1.515244 0.124779 1.749563 1.109912 1.599182 1.669718 1.729905 0.994181 1.610689 0.000000 0.545677 1.743183 1.739415 1.313589 1.620319 1.591579 1.911152 0.726731 0.787251 0.562721 1.548002 1.487251 1.273606 0.177544 0.881403 0.308594 0.079622 0.029932 0.470837 0.648648 0.326585 1.577839 0.162376 0.756197
0.909273 1.909273 1.090727 0.090727 0.206431 1.093199 1.939079 0.670456 1.704760 0.564235 1.053505 1.124040 1.184228 0.448504 1.843634 0.545677 0.000000 1.711140 1.714908 1.859266 1.074642 1.862744 1.365475 1.272408 1.332928 1.108398 1.906321 1.967071 1.819283 0.723221 1.427080 0.237083 0.466055 0.575609 1.016514 0.102971 0.872262 1.876484 0.708053 0.210520
1.379587 0.379587 0.620413 1.620413 1.504709 0.617941 0.227939 1.618404 0.006380 1.146905 0.657635 0.587099 0.526912 1.262636 0.132494 1.743183 1.711140 0.000000 0.003768 0.429594 0.636498 0.151604 0.345665 1.016452 0.955932 1.180462 0.195181 0.255932 0.469577 1.565639 0.861780 1.948223 1.822805 1.713251 1.272346 1.608169 1.416598 0.165344 1.580807 1.500620
1.375819 0.375819 0.624181 1.624181 1.508477 0.621708 0.224171 1.614636 0.010147 1.150673 0.661403 0.590867 0.530680 1.266404 0.128726 1.739415 1.714908 0.003768 0.000000 0.425826 0.640266 0.147836 0.349433 1.012684 0.952164 1.176695 0.191413 0.252164 0.465810 1.561871 0.858012 1.951991 1.819037 1.709483 1.268578 1.611937 1.412831 0.161576 1.577039 1.504387
0.949993 0.050007 1.050007 1.949993 1.934303 1.047535 0.201655 1.188810 0.435974 1.576499 1.087229 1.016694 0.956506 1.692230 0.297100 1.313589 1.859266 0.429594 0.425826 0.000000 1.066092 0.277990 0.775259 0.586858 0.526338 0.750868 0.234413 0.173663 0.039983 1.136045 0.432186 1.622183 1.393211 1.283657 0.842752 1.962237 0.987004 0.264250 1.151213 1.930214
1.983915 1.016085 0.016085 0.983915 0.868211 0.018557 0.864437 1.745099 0.630118 0.510407 0.021137 0.049398 0.109586 0.626138 0.768992 1.620319 1.074642 0.636498 0.640266 1.066092 0.000000 0.788102 0.290833 1.652950 1.592430 1.816960 0.831679 0.892429 1.106075 1.797864 1.498278 1.311725 1.540697 1.650252 1.908844 0.971671 1.946904 0.801841 1.782695 0.864122
1.227983 0.227983 0.772017 1.772017 1.656313 0.769545 0.076335 1.466800 0.157984 1.298509 0.809239 0.738704 0.678516 1.414240 0.019110 1.591579 1.862744 0.151604 0.147836 0.277990 0.788102 0.000000 0.497269 0.864848 0.804328 1.028858 0.043577 0.104328 0.317973 1.414035 0.710176 1.900173 1.671201 1.561647 1.120742 1.759773 1.264994 0.013740 1.429203 1.652224
1.725252 0.725252 0.274748 1.274748 1.159044 0.272276 0.573604 1.964069 0.339285 0.801240 0.311970 0.241435 0.181247 0.916971 0.478159 1.911152 1.365475 0.345665 0.349433 0.775259 0.290833 0.497269 0.000000 1.362117 1.301597 1.526127 0.540846 0.601596 0.815242 1.911304 1.207445 1.602558 1.831530 1.941084 1.618011 1.262504 1.762263 0.511009 1.926472 1.154955
0.363135 0.636865 1.636865 1.363135 1.478839 1.634392 0.788513 0.601952 1.022831 1.836643 1.674086 1.603551 1.543364 1.720912 0.883958 0.726731 1.272408 1.016452 1.012684 0.586858 1.652950 0.864848 1.362117 0.000000 0.060520 0.164011 0.821271 0.760520 0.546874 0.549187 0.154672 1.035325 0.806353 0.696799 0.255894 1.375379 0.400147 0.851108 0.564355 1.482929
0.423655 0.576345 1.576345 1.423655 1.539359 1.573873 0.727993 0.662471 0.962312 1.897163 1.613567 1.543032 1.482844 1.781432 0.823438 0.787251 1.332928 0.955932 0.952164 0.526338 1.592430 0.804328 1.301597 0.060520 0.000000 0.224530 0.760751 0.700001 0.486355 0.609707 0.094152 1.095845 0.866873 0.757318 0.316414 1.435899 0.460666 0.790589 0.624875 1.543448
0.199125 0.800875 1.800875 1.199125 1.314829 1.798403 0.952523 0.437941 1.186842 1.672633 1.838097 1.767562 1.707374 1.556902 1.047968 0.562721 1.108398 1.180462 1.176695 0.750868 1.816960 1.028858 1.526127 0.164011 0.224530 0.000000 0.985281 0.924531 0.710885 0.385176 0.318682 0.871315 0.642342 0.532788 0.091884 1.211369 0.236136 1.015119 0.400345 1.318918
1.184406 0.184406 0.815594 1.815594 1.699890 0.813121 0.032758 1.423223 0.201561 1.342086 0.852816 0.782280 0.722093 1.457817 0.062687 1.548002 1.906321 0.195181 0.191413 0.234413 0.831679 0.043577 0.540846 0.821271 0.760751 0.985281 0.000000 0.060751 0.274396 1.370458 0.666599 1.856596 1.627624 1.518070 1.077165 1.803350 1.221418 0.029837 1.385626 1.695801
1.123656 0.123656 0.876344 1.876344 1.760640 0.873872 0.027992 1.362472 0.262311 1.402836 0.913566 0.843031 0.782844 1.518568 0.123438 1.487251 1.967071 0.255932 0.252164 0.173663 0.892429 0.104328 0.601596 0.760520 0.700001 0.924531 0.060751 0.000000 0.213646 1.309707 0.605849 1.795846 1.566873 1.457319 1.016414 1.864101 1.160667 0.090588 1.324875 1.756551
0.910010 0.089990 1.089990 1.910010 1.974286 1.087518 0.241638 1.148826 0.475957 1.616482 1.127212 1.056677 0.996489 1.732213 0.337083 1.273606 1.819283 0.469577 0.465810 0.039983 1.106075 0.317973 0.815242 0.546874 0.486355 0.710885 0.274396 0.213646 0.000000 1.096061 0.392203 1.582200 1.353227 1.243673 0.802769 1.922254 0.947021 0.304234 1.111230 1.970197
0.186051 1.186051 1.813949 0.813949 0.929652 1.816421 1.337700 0.052765 1.572018 1.287457 1.776727 1.847262 1.907449 1.171725 1.433145 0.177544 0.723221 1.565639 1.561871 1.136045 1.797864 1.414035 1.911304 0.549187 0.609707 0.385176 1.370458 1.309707 1.096061 0.000000 0.703859 0.486138 0.257166 0.147612 0.293293 0.826192 0.149040 1.400295 0.015168 0.933742
0.517807 0.482193 1.482193 1.517807 1.633511 1.479721 0.633841 0.756623 0.868160 1.991315 1.519415 1.448880 1.388692 1.875584 0.729286 0.881403 1.427080 0.861780 0.858012 0.432186 1.498278 0.710176 1.207445 0.154672 0.094152 0.318682 0.666599 0.605849 0.392203 0.703859 0.000000 1.189997 0.961025 0.851470 0.410566 1.530051 0.554818 0.696436 0.719027 1.637600
0.672190 1.672190 1.327810 0.327810 0.443514 1.330282 1.823838 0.433374 1.941843 0.801318 1.290588 1.361123 1.421311 0.685587 1.919283 0.308594 0.237083 1.948223 1.951991 1.622183 1.311725 1.900173 1.602558 1.035325 1.095845 0.871315 1.856596 1.795846 1.582200 0.486138 1.189997 0.000000 0.228972 0.338527 0.779431 0.340054 0.635179 1.886434 0.470970 0.447603
0.443218 1.443218 1.556782 0.556782 0.672486 1.559255 1.594866 0.204401 1.829184 1.030290 1.519560 1.590096 1.650283 0.914559 1.690311 0.079622 0.466055 1.822805 1.819037 1.393211 1.540697 1.671201 1.831530 0.806353 0.866873 0.642342 1.627624 1.566873 1.353227 0.257166 0.961025 0.228972 0.000000 0.109554 0.550459 0.569026 0.406206 1.657461 0.241998 0.676575
0.333663 1.333663 1.666337 0.666337 0.782041 1.668809 1.485312 0.094847 1.719630 1.139845 1.629115 1.699650 1.759837 1.024113 1.580757 0.029932 0.575609 1.713251 1.709483 1.283657 1.650252 1.561647 1.941084 0.696799 0.757318 0.532788 1.518070 1.457319 1.243673 0.147612 0.851470 0.338527 0.109554 0.000000 0.440905 0.678580 0.296652 1.547907 0.132444 0.786130
0.107241 0.892759 1.892759 1.107241 1.222945 1.890287 1.044407 0.346058 1.278726 1.580749 1.929981 1.859445 1.799258 1.465018 1.139852 0.470837 1.016514 1.272346 1.268578 0.842752 1.908844 1.120742 1.618011 0.255894 0.316414 0.091884 1.077165 1.016414 0.802769 0.293293 0.410566 0.779431 0.550459 0.440905 0.000000 1.119485 0.144252 1.107002 0.308461 1.227034
1.012244 1.987756 0.987756 0.012244 0.103460 0.990228 1.836108 0.773427 1.601789 0.461264 0.950534 1.021069 1.081257 0.345533 1.740663 0.648648 0.102971 1.608169 1.611937 1.962237 0.971671 1.759773 1.262504 1.375379 1.435899 1.211369 1.803350 1.864101 1.922254 0.826192 1.530051 0.340054 0.569026 0.678580 1.119485 0.000000 0.975233 1.773513 0.811024 0.107549
0.037011 1.037011 1.962989 0.962989 1.078693 1.965461 1.188659 0.201805 1.422978 1.436497 1.925767 1.996302 1.943511 1.320765 1.284104 0.326585 0.872262 1.416598 1.412831 0.987004 1.946904 1.264994 1.762263 0.400147 0.460666 0.236136 1.221418 1.160667 0.947021 0.149040 0.554818 0.635179 0.406206 0.296652 0.144252 0.975233 0.000000 1.251255 0.164209 1.082782
1.214244 0.214244 0.785756 1.785756 1.670052 0.783284 0.062595 1.453060 0.171723 1.312248 0.822978 0.752443 0.692256 1.427980 0.032850 1.577839 1.876484 0.165344 0.161576 0.264250 0.801841 0.013740 0.511009 0.851108 0.790589 1.015119 0.029837 0.090588 0.304234 1.400295 0.696436 1.886434 1.657461 1.547907 1.107002 1.773513 1.251255 0.000000 1.415463 1.665963
0.201220 1.201220 1.798780 0.798780 0.914484 1.801252 1.352868 0.037597 1.587187 1.272288 1.761558 1.832094 1.892281 1.156557 1.448313 0.162376 0.708053 1.580807 1.577039 1.151213 1.782695 1.429203 1.926472 0.564355 0.624875 0.400345 1.385626 1.324875 1.111230 0.015168 0.719027 0.470970 0.241998 0.132444 0.308461 0.811024 0.164209 1.415463 0.000000 0.918573
1.119793 1.880207 0.880207 0.119793 0.004089 0.882679 1.728559 0.880977 1.494240 0.353715 0.842985 0.913520 0.973708 0.237984 1.633114 0.756197 0.210520 1.500620 1.504387 1.930214 0.864122 1.652224 1.154955 1.482929 1.543448 1.318918 1.695801 1.756551 1.970197 0.933742 1.637600 0.447603 0.676575 0.786130 1.227034 0.107549 1.082782 1.665963 0.918573 0.000000
